mse,coverage_80,coverage_95
0.06416129374394279,0.9985754985754985,1.0
0.08881490667108215,0.9914529914529915,1.0
0.11537950478065363,0.9594017094017094,0.9957264957264957
0.12966582343328625,0.9002849002849003,0.9878917378917379
0.19056731910152797,0.7485754985754985,0.9594017094017094
0.2473813875556599,0.5284900284900285,0.9131054131054132
0.31582014761649585,0.27635327635327633,0.8148148148148148
0.33233709207243933,0.21652421652421652,0.7642450142450142
0.3282286574338617,0.20085470085470086,0.7321937321937322
0.30768553576185625,0.24074074074074073,0.7350427350427351
0.2682103217944569,0.26638176638176636,0.7977207977207977
0.26121425672527976,0.28205128205128205,0.7806267806267806
0.24491666448286625,0.29914529914529914,0.7884615384615384
0.2755564472933144,0.18091168091168092,0.7101139601139601
0.25382633453606657,0.23575498575498577,0.7485754985754985
0.21968361809010203,0.297008547008547,0.7891737891737892
0.21151536495296663,0.31695156695156695,0.801994301994302
0.1810414318466201,0.396011396011396,0.8433048433048433
0.16513199665090178,0.4415954415954416,0.8596866096866097
0.1746260325496499,0.4024216524216524,0.8354700854700855
0.13488852832552467,0.5448717948717948,0.8988603988603988
0.12438834939996168,0.5641025641025641,0.8974358974358975
0.1079168702287339,0.6545584045584045,0.9131054131054132
0.10385062513855674,0.6602564102564102,0.9230769230769231
0.07590745633737951,0.7877492877492878,0.948005698005698
0.058290476639905525,0.8482905982905983,0.9586894586894587
0.05603974638338543,0.8397435897435898,0.9608262108262108
0.04846838014162307,0.8682336182336182,0.9622507122507122
0.04166942189691915,0.8874643874643875,0.9722222222222222
0.036685883966360126,0.9081196581196581,0.9693732193732194
0.028946245594910283,0.9266381766381766,0.9779202279202279
0.02512887736919488,0.9337606837606838,0.9772079772079773
0.022853870602232002,0.9415954415954416,0.9807692307692307
0.022854203472013536,0.9344729344729344,0.9807692307692307
0.024162327416679712,0.9237891737891738,0.9793447293447294
0.02975201139214341,0.9031339031339032,0.9757834757834758
0.033055483036869775,0.8789173789173789,0.9729344729344729
0.04047367824821295,0.8347578347578347,0.9615384615384616
0.0403904105108748,0.8262108262108262,0.9594017094017094
0.045251338494084886,0.7898860398860399,0.9537037037037037
0.052147676946356254,0.7357549857549858,0.9373219373219374
0.05307918261796641,0.7200854700854701,0.9337606837606838
0.05586894971160265,0.6809116809116809,0.915954415954416
0.06336313818692216,0.6217948717948718,0.8981481481481481
0.058563519212697326,0.6645299145299145,0.9088319088319088
0.0635154921923149,0.5961538461538461,0.8931623931623932
0.055894643349991634,0.6695156695156695,0.9024216524216524
0.049715127886196725,0.7086894586894587,0.9131054131054132
0.049044101195418174,0.7072649572649573,0.915954415954416
0.05000348842116548,0.6858974358974359,0.9109686609686609
0.04491855501139199,0.7250712250712251,0.9173789173789174
0.043358909478126144,0.7293447293447294,0.915954415954416
0.0383654637626997,0.7649572649572649,0.9287749287749287
0.04178776055478303,0.73005698005698,0.9173789173789174
0.04215298251954711,0.7272079772079773,0.9102564102564102
0.041641864304949504,0.7158119658119658,0.9088319088319088
0.044704724873684556,0.6773504273504274,0.8952991452991453
0.04680848666791808,0.6730769230769231,0.886039886039886
0.039761948974012126,0.7222222222222222,0.9038461538461539
0.03485136431740235,0.7628205128205128,0.9145299145299145
0.03322107809895937,0.7713675213675214,0.9188034188034188
0.03179317244304794,0.7770655270655271,0.9131054131054132
0.027251954607048382,0.8162393162393162,0.9316239316239316
0.025218390272805192,0.8276353276353277,0.9323361823361823
0.024908063744369328,0.8297720797720798,0.9366096866096866
0.023612645152552344,0.8390313390313391,0.9344729344729344
0.023413204962013323,0.8390313390313391,0.9301994301994302
0.022478889869669446,0.8490028490028491,0.9394586894586895
0.02189133700868291,0.8447293447293447,0.938034188034188
0.021803681236650035,0.844017094017094,0.9373219373219374
0.02178841830964411,0.8511396011396012,0.9373219373219374
0.021735261567279077,0.8433048433048433,0.9401709401709402
0.022342569332031263,0.8433048433048433,0.9323361823361823
0.022597722008075288,0.8433048433048433,0.9294871794871795
0.02313460907818915,0.8404558404558404,0.9266381766381766
0.02263999631411018,0.8319088319088319,0.9252136752136753
0.02283645695886316,0.8240740740740741,0.9223646723646723
0.02320044486573081,0.8269230769230769,0.9280626780626781
0.023491444463609963,0.8233618233618234,0.9195156695156695
0.023993800315651334,0.8205128205128205,0.9166666666666666
0.023137168747175977,0.8183760683760684,0.915954415954416
0.023320683648032216,0.811965811965812,0.9202279202279202
0.022982299043735457,0.8141025641025641,0.9202279202279202
0.022039820011601957,0.8183760683760684,0.9173789173789174
0.021724030569733314,0.8169515669515669,0.9152421652421653
0.02147601106105011,0.8205128205128205,0.9145299145299145
0.021578998107891514,0.8212250712250713,0.9173789173789174
0.021498289633428373,0.8176638176638177,0.915954415954416
0.021610558251474402,0.8126780626780626,0.9102564102564102
0.02209842565424917,0.811965811965812,0.9081196581196581
0.02222740088895395,0.7998575498575499,0.9116809116809117
0.022918002414493755,0.7970085470085471,0.9017094017094017
0.023219683373539194,0.7841880341880342,0.8967236467236467
0.023544864337497834,0.7813390313390314,0.8967236467236467
0.024803770037645514,0.7578347578347578,0.8888888888888888
0.02626214008948274,0.7457264957264957,0.8725071225071225
0.02638842516716615,0.7414529914529915,0.8710826210826211
0.027656298894853253,0.7236467236467237,0.8739316239316239
0.028691252314624945,0.7051282051282052,0.8625356125356125
0.029998239777853354,0.688034188034188,0.8561253561253561
0.031390486851730244,0.6602564102564102,0.8575498575498576
0.0321626371366632,0.6609686609686609,0.8504273504273504
0.03350233817830835,0.6417378917378918,0.8347578347578347
0.035922313033625336,0.6004273504273504,0.8176638176638177
0.03795385722899799,0.5754985754985755,0.8048433048433048
0.04038809572602809,0.5341880341880342,0.7777777777777778
0.0401910896717983,0.5434472934472935,0.7884615384615384
0.04149912897705204,0.5227920227920227,0.7727920227920227
0.04266404542080894,0.5042735042735043,0.75997150997151
0.041948687415709764,0.5056980056980057,0.7856125356125356
0.040977545433864115,0.5277777777777778,0.7813390313390314
0.04001511605261266,0.5377492877492878,0.7941595441595442
0.038560630216318004,0.5512820512820513,0.7927350427350427
0.03972883306033834,0.5413105413105413,0.7905982905982906
0.04000191878506446,0.5398860398860399,0.7905982905982906
0.037234449685204535,0.5811965811965812,0.8034188034188035
0.035315676274647066,0.603988603988604,0.8269230769230769
0.03240873775886208,0.6431623931623932,0.8425925925925926
0.030899257315287275,0.6787749287749287,0.8675213675213675
0.027557243819204935,0.7279202279202279,0.8753561253561254
0.024894961113070616,0.7571225071225072,0.8867521367521367
0.023875737559425184,0.7799145299145299,0.8967236467236467
0.022732771217856364,0.8027065527065527,0.9038461538461539
0.02214043982909636,0.8084045584045584,0.9066951566951567
0.021693521884567652,0.8062678062678063,0.9109686609686609
0.02135064822076347,0.8148148148148148,0.9123931623931624
0.021259217689355653,0.8126780626780626,0.9166666666666666
0.021646666364939983,0.8084045584045584,0.9081196581196581
0.02207685695099541,0.8105413105413105,0.9088319088319088
0.02205505403710397,0.8141025641025641,0.9138176638176638
0.02250912741008441,0.8084045584045584,0.9138176638176638
0.023354210915103146,0.7977207977207977,0.9038461538461539
0.023888078620927535,0.8041310541310541,0.9131054131054132
0.024327401870773775,0.7898860398860399,0.9074074074074074
0.023398202765914238,0.8027065527065527,0.9116809116809117
0.022606804877329762,0.8084045584045584,0.9131054131054132
0.022052572960160825,0.8105413105413105,0.9166666666666666
0.02153928664191422,0.8169515669515669,0.9188034188034188
0.021883761845309012,0.8176638176638177,0.9173789173789174
0.021617788688409263,0.8205128205128205,0.9202279202279202
0.02160893278077917,0.8183760683760684,0.9173789173789174
0.02153785529729205,0.8226495726495726,0.915954415954416
0.02187590881265434,0.8155270655270656,0.9052706552706553
0.022196880268652686,0.8169515669515669,0.9138176638176638
0.02261314274869795,0.8069800569800569,0.9031339031339032
0.024010473102148797,0.7934472934472935,0.9009971509971509
0.024783717523765073,0.782051282051282,0.8995726495726496
0.024601687155940917,0.7934472934472935,0.9024216524216524
0.023963040184516136,0.7977207977207977,0.9017094017094017
0.024972846826202256,0.7742165242165242,0.8931623931623932
0.026412712491323164,0.7564102564102564,0.8853276353276354
0.027522046332152945,0.7450142450142451,0.8796296296296297
0.027864822957145142,0.7407407407407407,0.8867521367521367
0.02882178790968237,0.7357549857549858,0.8881766381766382
0.030827009081358332,0.7022792022792023,0.8668091168091168
0.03388011926083258,0.6638176638176638,0.8525641025641025
0.03346378465395623,0.6709401709401709,0.8611111111111112
0.03266882315804653,0.6830484330484331,0.8660968660968661
0.02931978656240594,0.7257834757834758,0.8831908831908832
0.027019464123905275,0.7663817663817664,0.8924501424501424
0.026117513105400454,0.7678062678062678,0.8945868945868946
0.02468238221704721,0.7863247863247863,0.9017094017094017
0.02436220078612679,0.7742165242165242,0.9009971509971509
0.0230206255841232,0.8062678062678063,0.9109686609686609
0.022324386104336492,0.8169515669515669,0.905982905982906
0.021607948734269338,0.8205128205128205,0.9180911680911681
0.021506639984996644,0.8219373219373219,0.9180911680911681
0.021421744779864135,0.8269230769230769,0.9188034188034188
0.02146392854721184,0.8183760683760684,0.9209401709401709
0.02178039725137592,0.8219373219373219,0.9216524216524217
0.021491905620278678,0.8233618233618234,0.9216524216524217
0.021830304409779788,0.8290598290598291,0.9209401709401709
0.02189175444336622,0.8198005698005698,0.9166666666666666
0.022130815992287386,0.8162393162393162,0.9145299145299145
0.022362786664570297,0.8141025641025641,0.915954415954416
0.022298970986392115,0.8169515669515669,0.9202279202279202
0.02275778448401008,0.8162393162393162,0.9166666666666666
0.022924900158588207,0.8162393162393162,0.9209401709401709
0.022303173329316573,0.8212250712250713,0.9309116809116809
0.02208466817501224,0.8283475783475783,0.9230769230769231
0.02160726237995916,0.8219373219373219,0.9195156695156695
0.021842204453854732,0.8126780626780626,0.915954415954416
0.022078298850752513,0.8148148148148148,0.9195156695156695
0.02269922096706435,0.8091168091168092,0.9095441595441596
0.02332312872603363,0.8027065527065527,0.9052706552706553
0.023167759933989625,0.8027065527065527,0.9052706552706553
0.023900331314261808,0.7991452991452992,0.9038461538461539
0.024378057388712134,0.7884615384615384,0.8981481481481481
0.02463998981661793,0.7856125356125356,0.896011396011396
0.025341583360645764,0.7727920227920227,0.8981481481481481
0.024802124460877092,0.7849002849002849,0.9052706552706553
0.02545565894086123,0.7792022792022792,0.8910256410256411
0.02467431788543784,0.7927350427350427,0.8981481481481481
0.023872066784601784,0.7991452991452992,0.9017094017094017
0.023765906067032987,0.8126780626780626,0.9102564102564102
0.02242736790559707,0.8254985754985755,0.9202279202279202
0.021718394883475427,0.8276353276353277,0.9245014245014245
0.022121619469443472,0.8240740740740741,0.9230769230769231
0.021695477736914576,0.8262108262108262,0.9230769230769231
0.021697966362812206,0.8311965811965812,0.9273504273504274
0.021817031349949494,0.8326210826210826,0.9230769230769231
0.02188703594769416,0.834045584045584,0.9287749287749287
0.02298049363071772,0.8254985754985755,0.9173789173789174
0.02376250151449099,0.8098290598290598,0.9102564102564102
0.02389799878094004,0.8084045584045584,0.9095441595441596
0.02489345500116527,0.7955840455840456,0.9066951566951567
0.02670599973236567,0.7685185185185185,0.9002849002849003
0.027935110656584907,0.7535612535612536,0.8945868945868946
0.028355827590904787,0.7521367521367521,0.8917378917378918
0.02850939486581039,0.7521367521367521,0.8846153846153846
0.028425514966237474,0.75,0.8952991452991453
0.027326129952617947,0.76994301994302,0.896011396011396
0.02584010498742472,0.7841880341880342,0.8995726495726496
0.0247208666871461,0.7941595441595442,0.9024216524216524
0.02302335194157794,0.8162393162393162,0.9166666666666666
0.02275947973821989,0.8155270655270656,0.9131054131054132
0.023224724197894016,0.8091168091168092,0.9166666666666666
0.022134838346714526,0.8098290598290598,0.9166666666666666
0.021749943734488467,0.8262108262108262,0.9245014245014245
0.02185326425663781,0.8297720797720798,0.9245014245014245
0.02210613457304737,0.8233618233618234,0.9195156695156695
0.022602610423946887,0.8190883190883191,0.9209401709401709
0.021681382731584327,0.8319088319088319,0.9223646723646723
0.022456833887593418,0.8141025641025641,0.9188034188034188
0.023976144860567733,0.7991452991452992,0.9017094017094017
0.023209698536360988,0.8055555555555556,0.9052706552706553
0.0228065957090266,0.8126780626780626,0.9123931623931624
0.023107827856568352,0.8133903133903134,0.9052706552706553
0.02296127563998704,0.7934472934472935,0.9009971509971509
0.024429200476146933,0.7770655270655271,0.8988603988603988
0.023681888348441222,0.7955840455840456,0.9017094017094017
0.022990131810627062,0.8126780626780626,0.9081196581196581
0.023485608604791847,0.8012820512820513,0.9024216524216524
0.022894091784037857,0.8155270655270656,0.915954415954416
0.022118640102285213,0.8155270655270656,0.9152421652421653
0.022084885424861745,0.8183760683760684,0.9109686609686609
0.02218911704436084,0.8226495726495726,0.9145299145299145
0.02217893898914797,0.8162393162393162,0.9173789173789174
0.021918697048409687,0.8276353276353277,0.9216524216524217
0.021692795598776113,0.8283475783475783,0.9202279202279202
0.02186343427560437,0.8219373219373219,0.9195156695156695
0.02304428294763277,0.8162393162393162,0.9102564102564102
0.02412173542273046,0.7948717948717948,0.9074074074074074
0.02501680567773436,0.7806267806267806,0.9081196581196581
0.024766357827712752,0.7884615384615384,0.8952991452991453
0.025080915461124585,0.7877492877492878,0.9009971509971509
0.023587234376346182,0.7984330484330484,0.9017094017094017
0.023146293694283483,0.8048433048433048,0.9066951566951567
0.02312059070730835,0.8062678062678063,0.9088319088319088
0.02322462952045772,0.8133903133903134,0.915954415954416
0.022996287720618503,0.8169515669515669,0.9152421652421653
0.022708617863514607,0.8219373219373219,0.9216524216524217
0.02323150792542342,0.8141025641025641,0.9216524216524217
0.02247167082058172,0.8311965811965812,0.9230769230769231
0.022031622021243213,0.8326210826210826,0.9245014245014245
0.02195940031516661,0.8290598290598291,0.9216524216524217
0.022205618774038642,0.8247863247863247,0.9188034188034188
0.022591506987579238,0.8155270655270656,0.9195156695156695
0.023513208917593398,0.8091168091168092,0.9152421652421653
0.024237511262105747,0.7977207977207977,0.905982905982906
0.025934646215247326,0.7806267806267806,0.896011396011396
0.02276849242698633,0.8190883190883191,0.9180911680911681
0.02239579189643983,0.8304843304843305,0.9252136752136753
0.022311760187814757,0.8297720797720798,0.9273504273504274
0.022075558691550583,0.8254985754985755,0.9237891737891738
0.022308530223670197,0.8183760683760684,0.9202279202279202
0.02343285328640223,0.8148148148148148,0.9088319088319088
0.024138332273896765,0.7998575498575499,0.9045584045584045
0.02560596265025169,0.7813390313390314,0.9045584045584045
0.02569325278512616,0.7849002849002849,0.8974358974358975
0.024416736740119245,0.8041310541310541,0.9081196581196581
0.02243266511025587,0.8198005698005698,0.9245014245014245
0.022223676269038845,0.8347578347578347,0.9245014245014245
0.022615480308924713,0.8254985754985755,0.9202279202279202
0.022225209550108586,0.834045584045584,0.9209401709401709
0.022872996309232358,0.8262108262108262,0.9230769230769231
0.02233352929281107,0.8333333333333334,0.9237891737891738
0.022994568731342455,0.8176638176638177,0.9152421652421653
0.022862319047130306,0.8148148148148148,0.915954415954416
0.023184747956052878,0.811965811965812,0.9138176638176638
0.022335654265253614,0.8290598290598291,0.9223646723646723
0.022407535167099486,0.8240740740740741,0.9180911680911681
0.02226516308279027,0.8262108262108262,0.9259259259259259
0.022041201085779845,0.8333333333333334,0.9230769230769231
0.022046777628079862,0.8361823361823362,0.9259259259259259
0.02216684485804847,0.8297720797720798,0.9230769230769231
0.022573814463402894,0.8254985754985755,0.9230769230769231
0.023073964578427607,0.8176638176638177,0.9195156695156695
0.022894508884015143,0.8247863247863247,0.9188034188034188
0.022641371491266004,0.8226495726495726,0.9230769230769231
0.023638629541259268,0.8155270655270656,0.9116809116809117
0.025577336649545555,0.792022792022792,0.9024216524216524
0.027251654018400535,0.7749287749287749,0.8896011396011396
0.029550894568151794,0.7378917378917379,0.886039886039886
0.030311529911447904,0.7364672364672364,0.886039886039886
0.03275362277992432,0.717948717948718,0.8796296296296297
0.029067818939487747,0.7628205128205128,0.8888888888888888
0.026689950894772448,0.8012820512820513,0.9038461538461539
0.025144045034900624,0.7962962962962963,0.9081196581196581
0.026155891606415436,0.7849002849002849,0.9102564102564102
0.025737043177145435,0.7955840455840456,0.9038461538461539
0.027752267031163236,0.7742165242165242,0.8974358974358975
0.029972634339616402,0.7393162393162394,0.8881766381766382
0.030991266893478992,0.7264957264957265,0.8774928774928775
0.029984648118366552,0.7393162393162394,0.8767806267806267
0.028593981050552164,0.75,0.8817663817663818
0.025813532750351253,0.7827635327635327,0.9024216524216524
0.023641106360662512,0.8155270655270656,0.9166666666666666
0.023001021993843036,0.8297720797720798,0.9195156695156695
0.02352136885594486,0.8205128205128205,0.9166666666666666
0.022817031513085034,0.8233618233618234,0.9237891737891738
0.022064451990317924,0.8347578347578347,0.9266381766381766
0.022120496870759974,0.8269230769230769,0.9188034188034188
0.02200687270809586,0.8333333333333334,0.9138176638176638
0.02342479933586775,0.8126780626780626,0.9074074074074074
0.022780142003671518,0.8155270655270656,0.9152421652421653
0.023285319311563125,0.8091168091168092,0.9173789173789174
0.022896918049920265,0.8205128205128205,0.9223646723646723
0.021909202857164373,0.8226495726495726,0.9230769230769231
0.021508073273083805,0.8326210826210826,0.9294871794871795
0.02150069621105554,0.8319088319088319,0.9223646723646723
0.021803794039601067,0.8347578347578347,0.9230769230769231
0.02160709424675593,0.8354700854700855,0.9266381766381766
0.02191303545883865,0.8276353276353277,0.9237891737891738
0.02153612229496868,0.8269230769230769,0.9245014245014245
0.02190224644468504,0.8240740740740741,0.9166666666666666
0.02256006882953638,0.8169515669515669,0.9109686609686609
0.02180019315310834,0.8254985754985755,0.9202279202279202
0.022663829114825673,0.8169515669515669,0.9088319088319088
0.022359768772857738,0.8084045584045584,0.9109686609686609
0.02331239565488499,0.7927350427350427,0.9009971509971509
0.022432142285192542,0.8062678062678063,0.9095441595441596
0.021766476658146794,0.8169515669515669,0.9173789173789174
0.02200698028378485,0.8155270655270656,0.9145299145299145
0.022002466089362,0.8198005698005698,0.9166666666666666
0.022060060323719367,0.8169515669515669,0.9195156695156695
0.02175382359856283,0.8212250712250713,0.9152421652421653
0.021977442153648503,0.8205128205128205,0.9180911680911681
0.022261939428223212,0.8105413105413105,0.9152421652421653
0.022331056833218087,0.8205128205128205,0.9195156695156695
0.021950520062521812,0.8240740740740741,0.9173789173789174
0.021608458963290937,0.8290598290598291,0.9188034188034188
0.02166272054115725,0.8254985754985755,0.9259259259259259
0.022113498586350318,0.8283475783475783,0.9230769230769231
0.02210517138072561,0.8219373219373219,0.9202279202279202
0.023654809562193405,0.8162393162393162,0.9202279202279202
0.023550187417233425,0.8205128205128205,0.915954415954416
0.023218866940504825,0.8233618233618234,0.9266381766381766
0.021755685178372456,0.8290598290598291,0.9323361823361823
0.021767235896370255,0.8404558404558404,0.9273504273504274
0.0227294050075648,0.8212250712250713,0.9202279202279202
0.024697654290933475,0.7941595441595442,0.9116809116809117
0.027602322637056222,0.75997150997151,0.8924501424501424
0.029124018578933222,0.7336182336182336,0.8810541310541311
0.02890408730897049,0.7443019943019943,0.8803418803418803
0.030195625022587907,0.7314814814814815,0.8803418803418803
0.030887075126905108,0.7250712250712251,0.8732193732193733
0.032340525713863755,0.7015669515669516,0.8653846153846154
0.030216628741034063,0.73005698005698,0.8810541310541311
0.026805767697436096,0.7735042735042735,0.8952991452991453
0.025200718490759638,0.8012820512820513,0.9038461538461539
0.024499399291503424,0.811965811965812,0.9180911680911681
0.023206673603685297,0.8269230769230769,0.9195156695156695
0.02220258437371214,0.8304843304843305,0.9266381766381766
0.022222351172107354,0.834045584045584,0.9216524216524217
0.022999161139973565,0.8148148148148148,0.9173789173789174
0.022808678847645175,0.8233618233618234,0.9245014245014245
0.02400418771649179,0.8126780626780626,0.9102564102564102
0.02400277950991237,0.8034188034188035,0.9074074074074074
0.02560027085999744,0.7877492877492878,0.9031339031339032
0.027369378004778924,0.7549857549857549,0.8874643874643875
0.025641196917064984,0.7806267806267806,0.8945868945868946
0.02417128945712347,0.801994301994302,0.9088319088319088
0.025090113041318876,0.7898860398860399,0.9017094017094017
0.02593372362050266,0.7884615384615384,0.896011396011396
0.026436469316253753,0.7813390313390314,0.8952991452991453
0.025255970359218418,0.7991452991452992,0.9002849002849003
0.02595905876975751,0.7713675213675214,0.8967236467236467
0.022694502293383132,0.8176638176638177,0.9131054131054132
0.02159344307315988,0.8354700854700855,0.9273504273504274
0.021570320142553,0.8411680911680912,0.9309116809116809
0.021521056801101054,0.8376068376068376,0.9266381766381766
0.021635230078584023,0.8447293447293447,0.9280626780626781
0.0216288687586731,0.8304843304843305,0.9287749287749287
0.021581604834065016,0.8404558404558404,0.9323361823361823
0.021532397697473806,0.8404558404558404,0.9330484330484331
0.02144172823231372,0.8425925925925926,0.9266381766381766
0.021973253515221298,0.8254985754985755,0.9188034188034188
0.02278098367461668,0.8190883190883191,0.9188034188034188
0.023533011092451595,0.8133903133903134,0.9152421652421653
0.024485344899277763,0.8055555555555556,0.9088319088319088
0.027351164190077736,0.7649572649572649,0.8931623931623932
0.02849013190211795,0.7556980056980057,0.8810541310541311
0.033194000681828276,0.688034188034188,0.8675213675213675
0.032209490381534395,0.7236467236467237,0.8760683760683761
0.03040943194741766,0.7307692307692307,0.8824786324786325
0.02709700758276817,0.7856125356125356,0.9038461538461539
0.02703226090498663,0.7735042735042735,0.8988603988603988
0.028819683479158514,0.7492877492877493,0.8910256410256411
0.028099025525660647,0.7720797720797721,0.8910256410256411
0.025655206697736434,0.792022792022792,0.9024216524216524
0.024195510209842203,0.8076923076923077,0.9109686609686609
0.02341588084408563,0.8205128205128205,0.9195156695156695
0.02248184429852201,0.8240740740740741,0.9138176638176638
0.02163711677935605,0.8361823361823362,0.9259259259259259
0.02168508946768438,0.8404558404558404,0.9287749287749287
0.021562509544412422,0.8411680911680912,0.9309116809116809
0.021638152812481465,0.8390313390313391,0.9330484330484331
0.02168067269991471,0.8354700854700855,0.9309116809116809
0.021347664375837887,0.8447293447293447,0.9366096866096866
0.021928858529171497,0.8347578347578347,0.9259259259259259
0.021696011689090692,0.8354700854700855,0.9323361823361823
0.021489470357367427,0.8319088319088319,0.9259259259259259
0.02179014838809062,0.8383190883190883,0.9323361823361823
0.021892252072175215,0.8433048433048433,0.9330484330484331
0.02134773889368141,0.8361823361823362,0.9237891737891738
0.021562065113933042,0.834045584045584,0.9344729344729344
0.021719394045033796,0.8333333333333334,0.9223646723646723
0.023020156912976826,0.8247863247863247,0.9152421652421653
0.02270134229559679,0.8169515669515669,0.9109686609686609
0.02295471596033594,0.8254985754985755,0.9166666666666666
0.02230324574475949,0.8297720797720798,0.9237891737891738
0.02305279036333285,0.8283475783475783,0.9188034188034188
0.02274736153846714,0.8361823361823362,0.9223646723646723
0.02281361521705973,0.8269230769230769,0.9202279202279202
0.02450211973596284,0.8133903133903134,0.9052706552706553
0.025489966800277743,0.8062678062678063,0.9052706552706553
0.02576889764137581,0.8005698005698005,0.9081196581196581
0.0282343248858451,0.7756410256410257,0.9031339031339032
0.03143362841150469,0.7450142450142451,0.8967236467236467
0.03389074950594704,0.7207977207977208,0.8846153846153846
0.03606848668532191,0.7065527065527065,0.8632478632478633
0.03452631380815384,0.7200854700854701,0.8789173789173789
0.0340924504730542,0.7129629629629629,0.8774928774928775
0.03399867025127508,0.7172364672364673,0.8767806267806267
0.03183488303555333,0.7421652421652422,0.8874643874643875
0.029015100881146765,0.7770655270655271,0.9017094017094017
0.029113505612571786,0.7777777777777778,0.9066951566951567
0.027898824486722307,0.7742165242165242,0.9088319088319088
0.027682891234269966,0.7905982905982906,0.8981481481481481
0.03327791611215013,0.7207977207977208,0.8789173789173789
0.03477302542002305,0.6908831908831908,0.8660968660968661
0.03356405798474626,0.7044159544159544,0.8796296296296297
0.032078138962048273,0.7101139601139601,0.8767806267806267
0.03496125068379769,0.6837606837606838,0.8575498575498576
0.03698294976940904,0.6424501424501424,0.8596866096866097
0.03434828226215995,0.6915954415954416,0.8703703703703703
0.03266830705103116,0.7172364672364673,0.8703703703703703
0.02828577796817704,0.7670940170940171,0.9009971509971509
0.027177965697408105,0.7870370370370371,0.9009971509971509
0.0255855077729531,0.8041310541310541,0.9052706552706553
0.0235731148516544,0.8162393162393162,0.9195156695156695
0.02469042366036323,0.8112535612535613,0.9109686609686609
0.024354844374861212,0.8069800569800569,0.9166666666666666
0.02285015588295491,0.8190883190883191,0.9145299145299145
0.021811063664371282,0.8290598290598291,0.9245014245014245
0.021386560694908463,0.8297720797720798,0.9273504273504274
0.021583921642278046,0.8269230769230769,0.9280626780626781
0.02187812843652028,0.8283475783475783,0.9259259259259259
0.021553207021667138,0.8276353276353277,0.9266381766381766
0.021410997440407673,0.8254985754985755,0.9273504273504274
0.021733000182934177,0.8333333333333334,0.9266381766381766
0.022101567016714202,0.8326210826210826,0.9216524216524217
0.021730393257533995,0.8304843304843305,0.9230769230769231
0.022136233731935934,0.8297720797720798,0.9252136752136753
0.02202859436758378,0.8354700854700855,0.9230769230769231
0.022216339349287934,0.8283475783475783,0.9223646723646723
0.022505405959011685,0.8226495726495726,0.9266381766381766
0.02249692453077053,0.8290598290598291,0.9287749287749287
0.021566078777671718,0.8269230769230769,0.9323361823361823
0.02165973625250684,0.8304843304843305,0.9245014245014245
0.021729383112060206,0.8354700854700855,0.9266381766381766
0.02244484358483299,0.8148148148148148,0.9145299145299145
0.02432823202841245,0.7834757834757835,0.9038461538461539
0.026180976167352075,0.7713675213675214,0.8910256410256411
0.025065066077133505,0.7913105413105413,0.8981481481481481
0.028195461171955274,0.7464387464387464,0.8839031339031339
0.026393661653144003,0.7792022792022792,0.8981481481481481
0.029060958233234284,0.7535612535612536,0.8874643874643875
0.029922631195919064,0.7528490028490028,0.8881766381766382
0.027811012818722752,0.7621082621082621,0.8896011396011396
0.02460204014732552,0.8048433048433048,0.9166666666666666
0.024775117986513582,0.8069800569800569,0.9131054131054132
0.02441548979121797,0.8105413105413105,0.9131054131054132
0.024449972581099575,0.8183760683760684,0.915954415954416
0.026277604892408813,0.801994301994302,0.905982905982906
0.0235041939266607,0.8240740740740741,0.9245014245014245
0.02198222864318488,0.8404558404558404,0.9294871794871795
0.021923055066992145,0.8354700854700855,0.9287749287749287
0.022447433957618494,0.834045584045584,0.9188034188034188
0.0219651696957138,0.8311965811965812,0.9237891737891738
0.022551794355329568,0.8319088319088319,0.9230769230769231
0.023154116163699386,0.8155270655270656,0.9202279202279202
0.023552576429890983,0.8205128205128205,0.9209401709401709
0.02357895838540365,0.8198005698005698,0.9188034188034188
0.024499259163126577,0.8105413105413105,0.9074074074074074
0.023200260097384132,0.8183760683760684,0.9180911680911681
0.023289816271634376,0.8176638176638177,0.9152421652421653
0.022742750028692933,0.8219373219373219,0.9237891737891738
0.023883531818776876,0.8183760683760684,0.9131054131054132
0.027108452482495615,0.7742165242165242,0.8945868945868946
0.024696819884814987,0.8084045584045584,0.9088319088319088
0.023621895838306622,0.8133903133903134,0.9102564102564102
0.02298418741188081,0.8169515669515669,0.9180911680911681
0.02347032128987318,0.8169515669515669,0.9145299145299145
0.02456546609295984,0.8034188034188035,0.9095441595441596
0.02639698409267267,0.7849002849002849,0.8981481481481481
0.026757566089199075,0.7863247863247863,0.8981481481481481
0.028981903944212586,0.7585470085470085,0.8945868945868946
0.03245253435074959,0.7250712250712251,0.8682336182336182
0.033957098488154674,0.7001424501424501,0.8568376068376068
0.029765017513073654,0.7450142450142451,0.8881766381766382
0.028081622765234533,0.7777777777777778,0.9024216524216524
0.032335911879486576,0.7150997150997151,0.8774928774928775
0.028881051928499667,0.7549857549857549,0.8945868945868946
0.027747186729862743,0.7749287749287749,0.9045584045584045
0.027276704755303634,0.7841880341880342,0.905982905982906
0.027228418728422264,0.7777777777777778,0.9045584045584045
0.025239717277746536,0.8012820512820513,0.915954415954416
0.02541685740494525,0.7984330484330484,0.9152421652421653
0.024330024698467626,0.8212250712250713,0.9166666666666666
0.02275526703186897,0.8297720797720798,0.9230769230769231
0.02279040366479262,0.8326210826210826,0.9301994301994302
0.023047079939087365,0.8276353276353277,0.9252136752136753
0.0242955308178624,0.8276353276353277,0.9209401709401709
0.02539294915668759,0.8126780626780626,0.9145299145299145
0.0248987162520236,0.8027065527065527,0.9195156695156695
0.025579662738303813,0.7991452991452992,0.905982905982906
0.0251810221950283,0.7984330484330484,0.9081196581196581
0.027967895887500392,0.7727920227920227,0.8881766381766382
0.02469607402578461,0.8148148148148148,0.9081196581196581
0.023512458384006486,0.8290598290598291,0.9195156695156695
0.02425456462950437,0.8219373219373219,0.9138176638176638
0.025274858361195845,0.8084045584045584,0.9138176638176638
0.023380042952145325,0.8311965811965812,0.9223646723646723
0.023188819562722257,0.8219373219373219,0.9223646723646723
0.024914830508522404,0.8084045584045584,0.9145299145299145
0.025394792280050454,0.8012820512820513,0.9074074074074074
0.026387399516724013,0.7934472934472935,0.9045584045584045
0.02521797386317743,0.8005698005698005,0.9081196581196581
0.025409852058686573,0.8041310541310541,0.9052706552706553
0.022646375089966232,0.8304843304843305,0.9223646723646723
0.02253261387036636,0.8390313390313391,0.9237891737891738
0.02243788094245544,0.8319088319088319,0.9252136752136753
0.022808136132310693,0.8347578347578347,0.9173789173789174
0.023237755069404464,0.8304843304843305,0.9180911680911681
0.02202565568038462,0.8418803418803419,0.9223646723646723
0.021908126029086896,0.8518518518518519,0.9294871794871795
0.021840777811952775,0.8511396011396012,0.9287749287749287
0.02180793150600007,0.8418803418803419,0.9316239316239316
0.021849915239110937,0.8418803418803419,0.9330484330484331
0.022349197074739122,0.8333333333333334,0.9266381766381766
0.02491900601937153,0.8098290598290598,0.9131054131054132
0.023611074748354197,0.8240740740740741,0.9166666666666666
0.02301809595799155,0.8347578347578347,0.9245014245014245
0.024153656089510145,0.8219373219373219,0.9216524216524217
0.023506783420045415,0.8297720797720798,0.9273504273504274
0.023118593652004492,0.8411680911680912,0.9223646723646723
0.02377917178023553,0.8304843304843305,0.9223646723646723
0.025439919222346848,0.8148148148148148,0.9081196581196581
0.025288220217509684,0.8084045584045584,0.9145299145299145
0.024240030411971453,0.8247863247863247,0.915954415954416
0.02520533656246992,0.8155270655270656,0.9066951566951567
0.028735798327075682,0.7756410256410257,0.8974358974358975
0.028540442575332583,0.76994301994302,0.8938746438746439
0.02741185340999954,0.7962962962962963,0.8931623931623932
0.026316470726132597,0.8005698005698005,0.9081196581196581
0.025852879228042677,0.8084045584045584,0.9081196581196581
0.026581956256019574,0.7991452991452992,0.9045584045584045
0.02507171032677266,0.8126780626780626,0.9109686609686609
0.023836061285023163,0.834045584045584,0.9237891737891738
0.022825918062200586,0.8383190883190883,0.9301994301994302
0.02435740687558851,0.8212250712250713,0.9095441595441596
0.023914909862215106,0.8247863247863247,0.9102564102564102
0.02346998922902586,0.8290598290598291,0.9273504273504274
0.023188041995297337,0.8347578347578347,0.9195156695156695
0.02511821438465467,0.8212250712250713,0.9152421652421653
0.023828764628644594,0.8283475783475783,0.9252136752136753
0.023986629057392763,0.8290598290598291,0.9180911680911681
0.023893528439322673,0.8326210826210826,0.9138176638176638
0.023827614917134643,0.834045584045584,0.9252136752136753
0.023622018554140926,0.8354700854700855,0.9223646723646723
0.023467667637674806,0.8240740740740741,0.9230769230769231
0.022458299850372156,0.8418803418803419,0.9280626780626781
0.022315875008011476,0.8454415954415955,0.9294871794871795
0.022966742461643975,0.8425925925925926,0.9259259259259259
0.024099240546126378,0.8304843304843305,0.9294871794871795
0.0245595357884596,0.8233618233618234,0.9180911680911681
0.025076175002033383,0.8126780626780626,0.9066951566951567
0.025684172129605914,0.8041310541310541,0.9052706552706553
0.02536871514002075,0.801994301994302,0.9116809116809117
0.024257510987544164,0.8254985754985755,0.9145299145299145
0.021739597709016057,0.8411680911680912,0.9316239316239316
0.02189352017680733,0.8525641025641025,0.9273504273504274
0.021575859546368127,0.8518518518518519,0.9309116809116809
0.022029496162213724,0.8497150997150997,0.9309116809116809
0.021824308078179942,0.8482905982905983,0.9323361823361823
0.02187741646626556,0.8390313390313391,0.9344729344729344
0.02166944453481381,0.8461538461538461,0.9309116809116809
0.022574640494250123,0.8532763532763533,0.9301994301994302
0.022203824781462808,0.8447293447293447,0.9358974358974359
0.02194374806423754,0.8397435897435898,0.9309116809116809
0.021851374888119342,0.8361823361823362,0.9252136752136753
0.021855221956521103,0.8376068376068376,0.9259259259259259
0.022469079817104456,0.8319088319088319,0.9245014245014245
0.0221236423393243,0.8354700854700855,0.9273504273504274
0.021857424703456547,0.8461538461538461,0.9316239316239316
0.022020182837006713,0.8511396011396012,0.9366096866096866
0.021603421232241675,0.8504273504273504,0.9373219373219374
0.02161515710541856,0.8547008547008547,0.9423076923076923
0.021872399158736035,0.8518518518518519,0.9373219373219374
0.023354733315413524,0.8326210826210826,0.9273504273504274
0.026033583825444313,0.8105413105413105,0.9088319088319088
0.027621776094815583,0.7834757834757835,0.8981481481481481
0.026907488820878237,0.7934472934472935,0.9031339031339032
0.02476510922499875,0.8148148148148148,0.9188034188034188
0.026265092116032344,0.7962962962962963,0.9024216524216524
0.02671363317637676,0.8105413105413105,0.9074074074074074
0.027347964766080615,0.7991452991452992,0.9123931623931624
0.025833928023424255,0.8155270655270656,0.9138176638176638
0.028149815330886375,0.7913105413105413,0.8938746438746439
0.02677140653778261,0.8034188034188035,0.9116809116809117
0.026761353407878954,0.8034188034188035,0.9074074074074074
0.024505771959165448,0.8212250712250713,0.9230769230769231
0.02330700410701038,0.834045584045584,0.9273504273504274
0.02342082544449142,0.8333333333333334,0.9259259259259259
0.02365298110181372,0.8347578347578347,0.9216524216524217
0.023614728827680544,0.8311965811965812,0.9202279202279202
0.023906908572448156,0.8304843304843305,0.9223646723646723
0.024189615199680773,0.8276353276353277,0.9266381766381766
0.02414387486230984,0.8347578347578347,0.9216524216524217
0.022745210090381173,0.8390313390313391,0.9294871794871795
0.02175998851056074,0.8511396011396012,0.9344729344729344
0.022862721782628225,0.8361823361823362,0.9280626780626781
0.023890750775640412,0.8262108262108262,0.9223646723646723
0.02337669123969387,0.834045584045584,0.9195156695156695
0.023938878068934168,0.8304843304843305,0.9173789173789174
0.02433543858892543,0.8297720797720798,0.9230769230769231
0.027686748269794413,0.7849002849002849,0.9081196581196581
0.02814189608252364,0.7898860398860399,0.9002849002849003
0.027070926917846884,0.8041310541310541,0.8995726495726496
0.025341600686535726,0.8162393162393162,0.9116809116809117
0.023842828985891202,0.8319088319088319,0.9195156695156695
0.022502567773821806,0.8433048433048433,0.9423076923076923
0.022010075110517235,0.8561253561253561,0.9330484330484331
0.02158428735348986,0.8518518518518519,0.9351851851851852
0.02197833200955849,0.8490028490028491,0.9387464387464387
0.023246331076603365,0.8354700854700855,0.9188034188034188
0.02434698020482659,0.8212250712250713,0.9102564102564102
0.028552377646430063,0.7706552706552706,0.8867521367521367
0.02822177202583933,0.7756410256410257,0.8910256410256411
0.028734791086789523,0.7713675213675214,0.8945868945868946
0.02673386151311715,0.7927350427350427,0.9088319088319088
0.025364745750655,0.8126780626780626,0.9180911680911681
0.02666379533058666,0.8062678062678063,0.9166666666666666
0.025511414672634673,0.8205128205128205,0.9180911680911681
0.025615022015543727,0.8262108262108262,0.9202279202279202
0.025050761562255806,0.8290598290598291,0.9216524216524217
0.0249771304794649,0.8240740740740741,0.9309116809116809
0.025407565412038362,0.8233618233618234,0.9209401709401709
0.02541154848338835,0.8283475783475783,0.9245014245014245
0.026012724043438077,0.8141025641025641,0.9173789173789174
0.025227219007644436,0.8311965811965812,0.9230769230769231
0.027752625255897955,0.8084045584045584,0.9102564102564102
0.02984179682575684,0.76994301994302,0.8967236467236467
0.029833626223830418,0.7720797720797721,0.8938746438746439
0.02891896804773876,0.7834757834757835,0.9038461538461539
0.027622375136365746,0.7970085470085471,0.9066951566951567
0.022793716406377815,0.8497150997150997,0.9344729344729344
0.023146516687729952,0.8482905982905983,0.9287749287749287
0.025437860187852695,0.8198005698005698,0.9166666666666666
0.025006568742329666,0.8126780626780626,0.9180911680911681
0.029097643017286928,0.7792022792022792,0.8981481481481481
0.030547870274882257,0.7435897435897436,0.8881766381766382
0.031041929031656857,0.7443019943019943,0.8888888888888888
0.027436391959414254,0.7877492877492878,0.9045584045584045
0.026164801293591358,0.8048433048433048,0.9081196581196581
0.023190029097719327,0.8397435897435898,0.9202279202279202
0.02221445210690459,0.8518518518518519,0.9294871794871795
0.022344355465291853,0.8425925925925926,0.9301994301994302
0.023101887792596955,0.8390313390313391,0.9273504273504274
0.023650328431178376,0.8361823361823362,0.9266381766381766
0.023619257686576387,0.8461538461538461,0.9309116809116809
0.024200437209212538,0.8411680911680912,0.9287749287749287
0.02498152290907314,0.8311965811965812,0.9195156695156695
0.023903067396770377,0.844017094017094,0.9223646723646723
0.022496170093373714,0.8525641025641025,0.938034188034188
0.022520671851138332,0.8518518518518519,0.9316239316239316
0.023399646282441396,0.8383190883190883,0.9230769230769231
0.0235274007128035,0.8326210826210826,0.9245014245014245
0.024103330094364116,0.8205128205128205,0.9166666666666666
0.024966381240894817,0.8055555555555556,0.9145299145299145
0.023811765515379404,0.8262108262108262,0.9237891737891738
0.024799616258883384,0.8233618233618234,0.9138176638176638
0.02621937955631337,0.8034188034188035,0.9074074074074074
0.025599256071625706,0.8126780626780626,0.9102564102564102
0.024739329279467596,0.8212250712250713,0.915954415954416
0.023145498803101426,0.8411680911680912,0.9280626780626781
0.02420432898945095,0.8333333333333334,0.9180911680911681
0.023265154458327764,0.8361823361823362,0.9259259259259259
0.02468614090580471,0.8269230769230769,0.9209401709401709
0.023841296004151923,0.8290598290598291,0.9216524216524217
0.02354170125346955,0.8319088319088319,0.9280626780626781
0.023277389554409132,0.8447293447293447,0.9245014245014245
0.022438783001794808,0.8482905982905983,0.9301994301994302
0.023007860512779008,0.8411680911680912,0.9237891737891738
0.02159848520652974,0.8568376068376068,0.9415954415954416
0.02214886677795348,0.8547008547008547,0.9344729344729344
0.02278219583512523,0.8368945868945868,0.9316239316239316
0.025095756632136396,0.8155270655270656,0.9131054131054132
0.023294883266445594,0.8461538461538461,0.9273504273504274
0.022856861720136214,0.8433048433048433,0.9330484330484331
0.023578156062571024,0.8347578347578347,0.9316239316239316
0.02387369194725411,0.8433048433048433,0.9301994301994302
0.024700539976173254,0.8347578347578347,0.9309116809116809
0.027136163488392345,0.8126780626780626,0.9123931623931624
0.027449423587600545,0.7955840455840456,0.9066951566951567
0.029866811281841047,0.7777777777777778,0.9009971509971509
0.028597996197656992,0.7913105413105413,0.9017094017094017
0.025627180702036553,0.8112535612535613,0.9123931623931624
0.02620048364404731,0.8133903133903134,0.9138176638176638
0.025807628592149124,0.8240740740740741,0.9166666666666666
0.026821058641382404,0.8069800569800569,0.9081196581196581
0.02860943140766888,0.7962962962962963,0.9088319088319088
0.024841376244080563,0.8276353276353277,0.9259259259259259
0.02413700128016958,0.8475783475783476,0.9294871794871795
0.02473271755570318,0.8447293447293447,0.9273504273504274
0.024391629253908857,0.8404558404558404,0.9301994301994302
0.025044173975253024,0.8326210826210826,0.9252136752136753
0.025938108446352897,0.8190883190883191,0.9173789173789174
0.026686938245626655,0.8133903133903134,0.9116809116809117
0.02794554470437017,0.7948717948717948,0.9052706552706553
0.029511922283868834,0.7784900284900285,0.9017094017094017
0.02596893947927839,0.8155270655270656,0.9074074074074074
0.025613264754624786,0.8133903133903134,0.9123931623931624
0.026728577964678483,0.801994301994302,0.905982905982906
0.025286537889189085,0.8076923076923077,0.9123931623931624
0.0228574829757824,0.8447293447293447,0.9287749287749287
0.023065358500759192,0.8361823361823362,0.9266381766381766
0.023194622302888945,0.8347578347578347,0.9230769230769231
0.024548237942480646,0.8169515669515669,0.9173789173789174
0.023676538385978864,0.8262108262108262,0.9245014245014245
0.02324608980234408,0.8376068376068376,0.9245014245014245
0.022618178215245508,0.8468660968660968,0.9330484330484331
0.021903701946936086,0.8532763532763533,0.9358974358974359
0.021936766745466123,0.8511396011396012,0.938034188034188
0.021716137033989735,0.8675213675213675,0.9394586894586895
0.022539966135831164,0.8497150997150997,0.9280626780626781
0.02335733876157824,0.8376068376068376,0.9266381766381766
0.024660181626212238,0.8198005698005698,0.9123931623931624
0.025421330814298745,0.8141025641025641,0.9095441595441596
0.02295592035298215,0.8390313390313391,0.9316239316239316
0.02217814481644722,0.844017094017094,0.9373219373219374
0.021877743380423014,0.8561253561253561,0.9351851851851852
0.022163078112668804,0.8497150997150997,0.9330484330484331
0.02306193467603634,0.8433048433048433,0.9316239316239316
0.025852023091311817,0.8091168091168092,0.9116809116809117
0.025684639875999105,0.811965811965812,0.9173789173789174
0.026860433865555915,0.8027065527065527,0.9095441595441596
0.02649590116042598,0.8048433048433048,0.9074074074074074
0.024938654490490993,0.8219373219373219,0.9273504273504274
0.024573626600285003,0.8247863247863247,0.9195156695156695
0.025984619351756534,0.8055555555555556,0.9166666666666666
0.02761084741276251,0.7955840455840456,0.9095441595441596
0.02753124179710372,0.8055555555555556,0.9152421652421653
0.028962008783410875,0.7841880341880342,0.9052706552706553
0.02586019792583963,0.8240740740740741,0.9209401709401709
0.029052310528544727,0.7742165242165242,0.9017094017094017
0.02662611279174489,0.8141025641025641,0.9223646723646723
0.025729074015578758,0.8297720797720798,0.9202279202279202
0.026436990787392388,0.8148148148148148,0.9180911680911681
0.02441826966522556,0.834045584045584,0.9287749287749287
0.025260325377204566,0.8233618233618234,0.9237891737891738
0.024808156033826672,0.8276353276353277,0.9245014245014245
0.023917019337897298,0.8475783475783476,0.9294871794871795
0.02311814609219312,0.8504273504273504,0.9351851851851852
0.02317589540008599,0.8490028490028491,0.9309116809116809
0.02330997072471944,0.8418803418803419,0.9301994301994302
0.025875566768499326,0.8148148148148148,0.9123931623931624
0.026858249791311618,0.8034188034188035,0.9031339031339032
0.026069731143119088,0.8148148148148148,0.9109686609686609
0.026559300307742888,0.8048433048433048,0.9074074074074074
0.02499039998425795,0.8219373219373219,0.9195156695156695
0.02349505946561497,0.8368945868945868,0.9266381766381766
0.023434564817888724,0.8368945868945868,0.9245014245014245
0.02468466587619755,0.8233618233618234,0.9180911680911681
0.025464202136692086,0.8183760683760684,0.9195156695156695
0.0246534648193125,0.8319088319088319,0.9266381766381766
0.024840962505101375,0.8333333333333334,0.9216524216524217
0.025915282291464902,0.8247863247863247,0.9202279202279202
0.026618986544931084,0.8112535612535613,0.9188034188034188
0.02391080522530097,0.8390313390313391,0.9273504273504274
0.022765621128246854,0.8582621082621082,0.9387464387464387
0.023960519334997307,0.8461538461538461,0.9301994301994302
0.02452023790336495,0.8397435897435898,0.9301994301994302
0.024420827404466112,0.8468660968660968,0.9330484330484331
0.023895285840587723,0.8504273504273504,0.9323361823361823
0.027129252256812852,0.8190883190883191,0.9152421652421653
0.029027111081949393,0.7891737891737892,0.8981481481481481
0.03204037954269802,0.7414529914529915,0.8831908831908832
0.03370450669876441,0.7207977207977208,0.8839031339031339
0.03406798961236964,0.7272079772079773,0.8796296296296297
0.03302419833377573,0.7471509971509972,0.886039886039886
0.029379693198420438,0.7884615384615384,0.9024216524216524
0.028440450931893464,0.7977207977207977,0.9138176638176638
0.027459496168725516,0.8183760683760684,0.9202279202279202
0.025805665901045955,0.8397435897435898,0.9330484330484331
0.025996883299092968,0.8368945868945868,0.9287749287749287
0.026593754424173662,0.8190883190883191,0.9195156695156695
0.027366782779775382,0.8198005698005698,0.9066951566951567
0.029766429660281077,0.7877492877492878,0.9017094017094017
0.02821100570662738,0.7955840455840456,0.9066951566951567
0.02638078010707511,0.8198005698005698,0.9166666666666666
0.026383951845807548,0.8226495726495726,0.915954415954416
0.027358546469049803,0.8069800569800569,0.9116809116809117
0.02610815101293069,0.8233618233618234,0.9230769230769231
0.025923110597907608,0.8290598290598291,0.9287749287749287
0.025224093547680685,0.8447293447293447,0.9373219373219374
0.025123283938040603,0.8461538461538461,0.9394586894586895
0.026113699972969116,0.8404558404558404,0.9337606837606838
0.02842436344175591,0.8240740740740741,0.9280626780626781
0.034581980357019676,0.7720797720797721,0.9045584045584045
0.03852987216858741,0.7229344729344729,0.8839031339031339
0.03912424365651972,0.7058404558404558,0.8831908831908832
0.04311891135886703,0.6481481481481481,0.8710826210826211
0.042422301927788425,0.6588319088319088,0.8603988603988604
0.04476639917800836,0.6189458689458689,0.8425925925925926
0.04595087044437794,0.5883190883190883,0.8390313390313391
0.04249264392972912,0.6296296296296297,0.8632478632478633
0.0408048865028004,0.6531339031339032,0.8668091168091168
0.03694045196904501,0.7122507122507122,0.8874643874643875
0.03585215005648987,0.7286324786324786,0.8938746438746439
0.03579208958731857,0.7264957264957265,0.8888888888888888
0.03584108181475939,0.7264957264957265,0.8831908831908832
0.03554740812376891,0.7264957264957265,0.8831908831908832
0.03352557507995602,0.7243589743589743,0.8974358974358975
0.03271305313423535,0.7378917378917379,0.8839031339031339
0.02954100690967177,0.7635327635327636,0.8967236467236467
0.02579200317188179,0.8205128205128205,0.9145299145299145
0.026109347305886314,0.8012820512820513,0.9123931623931624
0.023833473342931982,0.8311965811965812,0.9252136752136753
0.023305482139153788,0.8297720797720798,0.9323361823361823
0.022245638840079324,0.8511396011396012,0.9301994301994302
0.02262152459292913,0.8411680911680912,0.9280626780626781
0.022429493120904687,0.8376068376068376,0.9266381766381766
0.02204033981066582,0.8404558404558404,0.9351851851851852
0.022218436200796568,0.853988603988604,0.9401709401709402
0.02297993967495222,0.8547008547008547,0.9437321937321937
0.023602277571027612,0.8447293447293447,0.9394586894586895
0.02279175985044108,0.8547008547008547,0.9387464387464387
0.022381554727954882,0.8404558404558404,0.9358974358974359
0.02208152870428857,0.8418803418803419,0.9351851851851852
0.022121371861623104,0.8482905982905983,0.938034188034188
0.022118618832757803,0.8518518518518519,0.9408831908831908
0.02242948784324173,0.8611111111111112,0.9451566951566952
0.02278640752089062,0.8710826210826211,0.9423076923076923
0.022149774094666716,0.8596866096866097,0.9430199430199431
0.022254094582720544,0.8575498575498576,0.9437321937321937
0.02266798162914137,0.8475783475783476,0.9358974358974359
0.023412059983136807,0.834045584045584,0.9358974358974359
0.022681591783442312,0.8497150997150997,0.9358974358974359
0.023671767582050963,0.834045584045584,0.9309116809116809
0.024641332708567363,0.8233618233618234,0.9280626780626781
0.023347329429166078,0.8283475783475783,0.9266381766381766
0.023899152377309937,0.8333333333333334,0.9273504273504274
0.023814747788341695,0.8354700854700855,0.9330484330484331
0.023751374849615217,0.8304843304843305,0.9330484330484331
0.02732116333891234,0.8027065527065527,0.9145299145299145
0.02804865325194509,0.7927350427350427,0.9024216524216524
0.030298817137908888,0.7628205128205128,0.8945868945868946
0.038720688578484305,0.6438746438746439,0.8596866096866097
0.0426910317830995,0.6061253561253561,0.8433048433048433
0.03973648065985517,0.6424501424501424,0.8611111111111112
0.03817130831289701,0.6844729344729344,0.8782051282051282
0.03921817892956694,0.6595441595441596,0.8725071225071225
0.04339638798732362,0.6068376068376068,0.8497150997150997
0.04771842673575577,0.5562678062678063,0.8361823361823362
0.04857964797353444,0.5462962962962963,0.8247863247863247
0.048614843194678424,0.5491452991452992,0.8311965811965812
0.04072867397652122,0.6403133903133903,0.8625356125356125
0.031145051396402754,0.7877492877492878,0.9095441595441596
0.028129131736666365,0.8183760683760684,0.9195156695156695
0.02560028561737976,0.8425925925925926,0.9316239316239316
0.02514222263723946,0.8433048433048433,0.9323361823361823
0.024774865881812685,0.8418803418803419,0.9309116809116809
0.024230498623136865,0.8383190883190883,0.9287749287749287
0.024487279975569876,0.8297720797720798,0.9287749287749287
0.025400197528434153,0.8212250712250713,0.9173789173789174
0.026484179703407572,0.7998575498575499,0.9138176638176638
0.024305784749967634,0.8219373219373219,0.9223646723646723
0.023322321838088814,0.8347578347578347,0.9273504273504274
0.022751473882476843,0.8475783475783476,0.9316239316239316
0.022249004608123592,0.8461538461538461,0.9394586894586895
0.02276692659626149,0.8347578347578347,0.9195156695156695
0.02268343262046447,0.834045584045584,0.9259259259259259
0.022014865147438233,0.8383190883190883,0.9351851851851852
0.02231856756826932,0.8433048433048433,0.9287749287749287
0.02288784310259312,0.8361823361823362,0.9287749287749287
0.02244771189166131,0.8433048433048433,0.9316239316239316
0.023307900728268015,0.8240740740740741,0.9223646723646723
0.02313993082899303,0.8311965811965812,0.9230769230769231
0.023824049364505533,0.8233618233618234,0.9230769230769231
0.022469017160640786,0.844017094017094,0.9316239316239316
0.02225662313096054,0.8461538461538461,0.9337606837606838
0.02198145772538392,0.8497150997150997,0.9408831908831908
0.022902732110996367,0.8418803418803419,0.9344729344729344
0.023317854236628997,0.8433048433048433,0.9273504273504274
0.02347349436571324,0.8404558404558404,0.9294871794871795
0.02407177038914912,0.8376068376068376,0.9273504273504274
0.024235078052562278,0.8376068376068376,0.9266381766381766
0.025740009498921138,0.8133903133903134,0.9209401709401709
0.02757443749978098,0.7927350427350427,0.9024216524216524
0.026440733236037607,0.8176638176638177,0.9145299145299145
0.02560508698135445,0.8219373219373219,0.9202279202279202
0.024702928334771498,0.8311965811965812,0.9237891737891738
0.02740338262785269,0.8048433048433048,0.9123931623931624
0.02755732972851876,0.7998575498575499,0.9081196581196581
0.026030288818816385,0.8262108262108262,0.9202279202279202
0.026421176567097377,0.8247863247863247,0.9131054131054132
0.027679359109816407,0.8126780626780626,0.9123931623931624
0.03145390092800196,0.7578347578347578,0.8924501424501424
0.03381753956541608,0.7307692307692307,0.8810541310541311
0.030847581592687925,0.7792022792022792,0.8881766381766382
0.0285610564869446,0.7998575498575499,0.9017094017094017
0.02794733445679781,0.8027065527065527,0.9116809116809117
0.028552640870436817,0.7834757834757835,0.8988603988603988
0.030398467466955115,0.7692307692307693,0.8824786324786325
0.030752808709805304,0.7571225071225072,0.8839031339031339
0.029586863007501237,0.7898860398860399,0.8967236467236467
0.029901112123726425,0.7827635327635327,0.8903133903133903
0.03550319720159071,0.7058404558404558,0.8675213675213675
0.03254559582417568,0.7478632478632479,0.886039886039886
0.034005453722512215,0.7307692307692307,0.8703703703703703
0.03388791568717161,0.7272079772079773,0.8817663817663818
0.0250802982226146,0.8276353276353277,0.9216524216524217
0.024236707893465995,0.8390313390313391,0.9259259259259259
0.022880509469197906,0.853988603988604,0.9344729344729344
0.022331549386462826,0.8575498575498576,0.9423076923076923
0.023353893128698497,0.8490028490028491,0.9337606837606838
0.024687384168769907,0.8311965811965812,0.9216524216524217
0.027650202605102776,0.7948717948717948,0.905982905982906
0.03192295055357639,0.7450142450142451,0.8846153846153846
0.029388533934094803,0.76994301994302,0.9017094017094017
0.02889797879403794,0.7813390313390314,0.8952991452991453
0.03157048891093011,0.7521367521367521,0.8839031339031339
0.03481926886249282,0.7008547008547008,0.8646723646723646
0.033665360701344946,0.7321937321937322,0.8846153846153846
0.02943601235794905,0.7898860398860399,0.9116809116809117
0.03264716066491497,0.7421652421652422,0.8881766381766382
0.038528793786401304,0.6631054131054132,0.8603988603988604
0.031207193711655794,0.7628205128205128,0.8974358974358975
0.03007279402333831,0.75997150997151,0.8995726495726496
0.025949818149445525,0.8141025641025641,0.9152421652421653
0.024059541073061956,0.8326210826210826,0.9280626780626781
0.022640392994161585,0.844017094017094,0.9366096866096866
0.022214616752780723,0.8447293447293447,0.9337606837606838
0.02215449629207025,0.8454415954415955,0.9287749287749287
0.02245762943618865,0.8525641025641025,0.938034188034188
0.02196207852238434,0.8447293447293447,0.9344729344729344
0.02246688893063629,0.8411680911680912,0.9280626780626781
0.022494996951726683,0.8482905982905983,0.9309116809116809
0.023197284999153505,0.8411680911680912,0.9309116809116809
0.025353285827645587,0.8190883190883191,0.9145299145299145
0.02471778953217712,0.8269230769230769,0.9209401709401709
0.025355487379860552,0.8226495726495726,0.9152421652421653
0.025756403710725094,0.8176638176638177,0.9123931623931624
0.026850518832067353,0.7863247863247863,0.9045584045584045
0.026987458061332084,0.7962962962962963,0.9088319088319088
0.026282786380368826,0.8141025641025641,0.9088319088319088
0.024459206977355548,0.8269230769230769,0.9245014245014245
0.025424420217568366,0.8126780626780626,0.9166666666666666
0.024260871729067223,0.8347578347578347,0.9287749287749287
0.025252582684218365,0.8333333333333334,0.9216524216524217
0.02340857208669661,0.8518518518518519,0.9351851851851852
0.022348490906411802,0.853988603988604,0.9472934472934473
0.0237660234147629,0.8447293447293447,0.9294871794871795
0.022130203943928273,0.8603988603988604,0.9415954415954416
0.022623476776308913,0.8490028490028491,0.938034188034188
0.022454946721017523,0.8618233618233618,0.9387464387464387
0.022392720037192837,0.8532763532763533,0.9408831908831908
0.02354405154532415,0.8433048433048433,0.9358974358974359
0.025550233921153784,0.8176638176638177,0.9237891737891738
0.026484966510041685,0.8069800569800569,0.9102564102564102
0.028275218311985963,0.782051282051282,0.9017094017094017
0.02938942167912293,0.7770655270655271,0.8831908831908832
0.028941135455314897,0.7813390313390314,0.896011396011396
0.026651115695657278,0.8162393162393162,0.915954415954416
0.02580043728869764,0.8148148148148148,0.9123931623931624
0.023608979775939575,0.8347578347578347,0.9209401709401709
0.02325565055769613,0.8497150997150997,0.9266381766381766
0.024916453871219463,0.8262108262108262,0.9195156695156695
0.023761301122159455,0.8368945868945868,0.9294871794871795
0.024859432406152196,0.8326210826210826,0.9266381766381766
0.028157650176174616,0.7913105413105413,0.9131054131054132
0.029822019811756806,0.7749287749287749,0.8938746438746439
0.030594092600608414,0.7492877492877493,0.8910256410256411
0.027866227670875456,0.7984330484330484,0.9138176638176638
0.026090849841386453,0.8133903133903134,0.9180911680911681
0.02270748434879338,0.8468660968660968,0.9323361823361823
0.02222837264115824,0.8547008547008547,0.9373219373219374
0.02225574567473787,0.8561253561253561,0.9366096866096866
0.022099748372721717,0.8589743589743589,0.9401709401709402
0.022106978418857972,0.8525641025641025,0.938034188034188
0.023031680035989426,0.8361823361823362,0.9294871794871795
0.02320630574028585,0.8368945868945868,0.9273504273504274
0.023491383017957793,0.8319088319088319,0.9259259259259259
0.02443985886665898,0.8205128205128205,0.9209401709401709
0.028820546000328025,0.7678062678062678,0.8967236467236467
0.031102548760881924,0.7407407407407407,0.8824786324786325
0.02873237453660183,0.7799145299145299,0.9045584045584045
0.027126725310287446,0.801994301994302,0.9009971509971509
0.023147153743629564,0.8319088319088319,0.9294871794871795
0.02274631957835312,0.8454415954415955,0.9344729344729344
0.023560112173489533,0.8361823361823362,0.9280626780626781
0.02331610913552383,0.8354700854700855,0.9316239316239316
0.023504791909910252,0.8354700854700855,0.9280626780626781
0.022880602007085003,0.8311965811965812,0.9280626780626781
0.022387508473308965,0.8454415954415955,0.9373219373219374
0.022283595182791122,0.8383190883190883,0.9366096866096866
0.022471707437788247,0.8376068376068376,0.9323361823361823
0.022629862352132022,0.8376068376068376,0.9323361823361823
0.022148418306768836,0.8447293447293447,0.9316239316239316
0.02325778826641956,0.8290598290598291,0.9259259259259259
0.024068029001089834,0.8141025641025641,0.9180911680911681
0.025653655384304756,0.8069800569800569,0.9031339031339032
0.029096100545973454,0.7692307692307693,0.8896011396011396
0.027482436699463715,0.7977207977207977,0.8945868945868946
0.030606224281430235,0.7613960113960114,0.8931623931623932
0.02891183118655644,0.7898860398860399,0.905982905982906
0.025186356567049328,0.8447293447293447,0.9294871794871795
0.024892885835859368,0.8447293447293447,0.9330484330484331
0.02534338195702508,0.8368945868945868,0.9202279202279202
0.029452488155891972,0.7984330484330484,0.9152421652421653
0.0358592133342517,0.7136752136752137,0.8753561253561254
0.042676283470353946,0.5954415954415955,0.8361823361823362
0.045773422807995706,0.5612535612535613,0.8226495726495726
0.043327275176006305,0.6096866096866097,0.8425925925925926
0.04143215566533502,0.6381766381766382,0.8518518518518519
0.03849054855671254,0.6737891737891738,0.8753561253561254
0.03769037299517981,0.6930199430199431,0.8831908831908832
0.029969350173948965,0.7884615384615384,0.9109686609686609
0.03126209889916936,0.7792022792022792,0.9081196581196581
0.029606280531165114,0.792022792022792,0.9180911680911681
0.029045192310269276,0.8148148148148148,0.9102564102564102
0.029066652804689914,0.7884615384615384,0.9145299145299145
0.030130868357568456,0.7841880341880342,0.9002849002849003
0.031440050911604844,0.7592592592592593,0.9002849002849003
0.034071282209822126,0.707977207977208,0.8717948717948718
0.0343264196002959,0.7051282051282052,0.8717948717948718
0.03326337806777319,0.7236467236467237,0.8782051282051282
0.035753148945495174,0.6908831908831908,0.8753561253561254
0.027974223468055483,0.8027065527065527,0.9109686609686609
0.02956208275486872,0.7977207977207977,0.9066951566951567
0.02582349048368901,0.8254985754985755,0.9230769230769231
0.024400419658281436,0.8319088319088319,0.9259259259259259
0.02773960631734665,0.7977207977207977,0.9088319088319088
0.03023091626896928,0.7535612535612536,0.8924501424501424
0.026682073473382188,0.8048433048433048,0.9045584045584045
0.023951738664279378,0.8262108262108262,0.9237891737891738
0.022619857432079178,0.8354700854700855,0.9373219373219374
0.022308304914807103,0.8547008547008547,0.9330484330484331
0.021996947260472695,0.8532763532763533,0.9415954415954416
0.022315862627803013,0.8468660968660968,0.9358974358974359
0.022385993104352367,0.8447293447293447,0.9344729344729344
0.02179298663402622,0.853988603988604,0.9387464387464387
0.02196718661694653,0.8525641025641025,0.9344729344729344
0.02252331037505675,0.834045584045584,0.9280626780626781
0.02211758347650236,0.8262108262108262,0.9223646723646723
0.022126607366436877,0.8376068376068376,0.9245014245014245
0.02253791333886499,0.8397435897435898,0.9301994301994302
0.023762809067649587,0.8482905982905983,0.9408831908831908
0.024680826932171655,0.8383190883190883,0.9394586894586895
0.02296062276454458,0.8454415954415955,0.9408831908831908
0.02232468632597247,0.8475783475783476,0.938034188034188
0.02220842330668047,0.8418803418803419,0.9252136752136753
0.023825812716390084,0.8141025641025641,0.9209401709401709
0.022540642412894024,0.8297720797720798,0.9223646723646723
0.022352042440834736,0.8326210826210826,0.9245014245014245
0.022048387543544518,0.8468660968660968,0.9301994301994302
0.021918996252890063,0.8461538461538461,0.9337606837606838
0.02196722694696293,0.8397435897435898,0.9301994301994302
0.022527850623374993,0.8297720797720798,0.9280626780626781
0.022784372858461858,0.8269230769230769,0.9230769230769231
0.02250521006028597,0.8319088319088319,0.9223646723646723
0.02278951237309782,0.8376068376068376,0.9344729344729344
0.022186709505626578,0.8418803418803419,0.9358974358974359
0.02229720319045348,0.8376068376068376,0.9301994301994302
0.022194419081263884,0.8525641025641025,0.9309116809116809
0.022163510033114567,0.844017094017094,0.9316239316239316
0.02337116610663616,0.8262108262108262,0.9252136752136753
0.024208280811834126,0.8219373219373219,0.9180911680911681
0.023413912092229504,0.8290598290598291,0.9245014245014245
0.02283475909218314,0.8390313390313391,0.9323361823361823
0.022880952255321184,0.8411680911680912,0.9337606837606838
0.023584793622255008,0.8297720797720798,0.9245014245014245
0.023742496024384975,0.8376068376068376,0.9252136752136753
0.022184197933621235,0.8447293447293447,0.9373219373219374
0.02233640120158524,0.8582621082621082,0.9394586894586895
0.02339601707541012,0.8475783475783476,0.9316239316239316
0.02328300685022871,0.8425925925925926,0.9358974358974359
0.02235733070901649,0.8490028490028491,0.9415954415954416
0.02285359517468853,0.8425925925925926,0.9287749287749287
0.02257246602594557,0.8504273504273504,0.9351851851851852
0.022391165191519645,0.8461538461538461,0.9358974358974359
0.023529960291358593,0.8418803418803419,0.9287749287749287
0.025418144794746206,0.8233618233618234,0.9209401709401709
0.03002652598110527,0.7606837606837606,0.8952991452991453
0.03191737871231236,0.7464387464387464,0.8888888888888888
0.031221395688535384,0.75,0.8803418803418803
0.026007078842508812,0.8126780626780626,0.9152421652421653
0.025505892537263725,0.8254985754985755,0.9195156695156695
0.024016079614969727,0.8404558404558404,0.9280626780626781
0.02699234547511747,0.8069800569800569,0.9180911680911681
0.027532112837018605,0.7884615384615384,0.9052706552706553
0.03307970092570589,0.7086894586894587,0.8810541310541311
0.03590229336674697,0.6851851851851852,0.8575498575498576
0.03560471248254054,0.6766381766381766,0.8625356125356125
0.03785083381119565,0.6474358974358975,0.8603988603988604
0.03631642237420105,0.6716524216524217,0.8675213675213675
0.03298154348414518,0.7478632478632479,0.8881766381766382
0.029428156747407737,0.7984330484330484,0.905982905982906
0.02645544090909863,0.8226495726495726,0.9123931623931624
0.028058980327256757,0.8027065527065527,0.9052706552706553
0.03067426363360764,0.7635327635327636,0.896011396011396
0.031011476751528697,0.7592592592592593,0.8874643874643875
0.03304331201987342,0.7343304843304843,0.8839031339031339
0.03161967000866473,0.7635327635327636,0.8896011396011396
0.03258303521567031,0.7421652421652422,0.8853276353276354
0.031593818012679034,0.7642450142450142,0.8917378917378918
0.029446310338050428,0.7891737891737892,0.9088319088319088
0.02894367526178394,0.7877492877492878,0.9074074074074074
0.028237377439061444,0.8098290598290598,0.915954415954416
0.028744029019996772,0.8055555555555556,0.9131054131054132
0.028569173069581382,0.811965811965812,0.9152421652421653
0.030601729980263413,0.7891737891737892,0.9081196581196581
0.02739772088833654,0.8126780626780626,0.9173789173789174
0.026003050865943095,0.8183760683760684,0.9123931623931624
0.02594723108240755,0.8190883190883191,0.9180911680911681
0.025739897259348835,0.8190883190883191,0.9230769230769231
0.02558202816534344,0.8076923076923077,0.9116809116809117
0.02439821136573615,0.8190883190883191,0.9116809116809117
0.02503499038770526,0.8084045584045584,0.9138176638176638
0.0238474494271656,0.8254985754985755,0.9223646723646723
0.02463768073549761,0.8212250712250713,0.9230769230769231
0.023227206356447636,0.8354700854700855,0.9294871794871795
0.02268412835185364,0.8511396011396012,0.9323361823361823
0.022205467318451192,0.8554131054131054,0.9373219373219374
0.022380273466239872,0.8525641025641025,0.9344729344729344
0.02215359977282751,0.8554131054131054,0.9337606837606838
0.02235753919698329,0.8504273504273504,0.9366096866096866
0.022238245452948495,0.8618233618233618,0.9387464387464387
0.022521816493650735,0.8504273504273504,0.9337606837606838
0.02232515948596987,0.8532763532763533,0.9323361823361823
0.0221988413301607,0.8447293447293447,0.9323361823361823
0.02220903990452069,0.8376068376068376,0.9351851851851852
0.023047710883341448,0.8297720797720798,0.9237891737891738
0.022363867513740348,0.8283475783475783,0.9266381766381766
0.02194600852556063,0.8390313390313391,0.9273504273504274
0.02233136103471379,0.8297720797720798,0.9294871794871795
0.022599969044824596,0.8368945868945868,0.9358974358974359
0.022385112827270816,0.8461538461538461,0.9294871794871795
0.02236991548144417,0.8361823361823362,0.9316239316239316
0.022526586734678274,0.8447293447293447,0.9394586894586895
0.022689377664151866,0.8454415954415955,0.9423076923076923
0.02223820119758372,0.8475783475783476,0.9387464387464387
0.022822658291867155,0.8383190883190883,0.9373219373219374
0.023107516154357504,0.8511396011396012,0.9423076923076923
0.022746200347819996,0.8447293447293447,0.9451566951566952
0.022418250901084832,0.8525641025641025,0.9358974358974359
0.022123669972600513,0.8582621082621082,0.9430199430199431
0.022199624944759747,0.8518518518518519,0.9430199430199431
0.022335924191469018,0.8411680911680912,0.9287749287749287
0.02397686679686904,0.8212250712250713,0.9280626780626781
0.024008709009251207,0.8247863247863247,0.9273504273504274
0.024763947485718835,0.8112535612535613,0.9166666666666666
0.02481781539023455,0.8205128205128205,0.9145299145299145
0.025279855022520826,0.8176638176638177,0.915954415954416
0.025136200340607817,0.8155270655270656,0.9230769230769231
0.025688146656130378,0.8126780626780626,0.9173789173789174
0.027638307526824075,0.7970085470085471,0.9145299145299145
0.03428210294867593,0.717948717948718,0.8789173789173789
0.032808157405962456,0.7407407407407407,0.8945868945868946
0.031947578751606476,0.7571225071225072,0.8896011396011396
0.03581630603920904,0.6994301994301995,0.8760683760683761
0.043785676187984936,0.6068376068376068,0.8390313390313391
0.03699276686307513,0.7115384615384616,0.8796296296296297
0.04011624336104942,0.6809116809116809,0.8746438746438746
0.03823551793574798,0.7186609686609686,0.8881766381766382
0.03542683496845956,0.7421652421652422,0.8910256410256411
0.03632483287522237,0.7129629629629629,0.8839031339031339
0.037527060807184445,0.7086894586894587,0.8689458689458689
0.03730120106180454,0.7001424501424501,0.8696581196581197
0.04605855365307856,0.5584045584045584,0.8176638176638177
0.03935307241733668,0.6417378917378918,0.8504273504273504
0.03972307872316668,0.6317663817663818,0.8461538461538461
0.040237070201578774,0.6296296296296297,0.8518518518518519
0.03481560166400793,0.7264957264957265,0.8896011396011396
0.03317641818285832,0.7549857549857549,0.8952991452991453
0.029913709056468497,0.7898860398860399,0.9095441595441596
0.027800291051586056,0.8176638176638177,0.9166666666666666
