mse,coverage_80,coverage_95
1.1912098243083202,0.5466666666666666,0.6666666666666666
0.5656984653909912,0.11333333333333333,0.76
0.3031736761049529,0.28,0.7133333333333334
0.20594124959988727,0.20666666666666667,0.66
0.1228149825646437,0.32,0.62
0.0817958649332414,0.38666666666666666,0.5933333333333334
0.02881322428881976,0.5666666666666667,0.8266666666666667
0.020941041744239608,0.5733333333333334,0.8333333333333334
0.01684833244491241,0.62,0.8
0.01257127421760173,0.6466666666666666,0.8666666666666667
0.011554253360308969,0.7133333333333334,0.8733333333333333
0.01201804304749377,0.6933333333333334,0.84
0.012635030924231305,0.66,0.8133333333333334
0.013922875138707411,0.6466666666666666,0.8266666666666667
0.013600578545135772,0.6266666666666667,0.7933333333333333
0.014194626528800453,0.6066666666666667,0.8066666666666666
0.01506101257798625,0.5933333333333334,0.78
0.015395066643860755,0.5866666666666667,0.7733333333333333
0.015885229040137016,0.5733333333333334,0.7666666666666667
0.012871268161190446,0.6733333333333333,0.7666666666666667
0.011998827707448983,0.6533333333333333,0.8666666666666667
0.010585171148377872,0.74,0.8866666666666667
0.01114180189811558,0.7133333333333334,0.9133333333333333
0.011177947414628887,0.76,0.8866666666666667
0.011363378797700056,0.7866666666666666,0.9133333333333333
0.012261531542911047,0.7733333333333333,0.92
0.01184636928063833,0.76,0.92
0.011938111514742182,0.7733333333333333,0.9133333333333333
0.0124941834497036,0.72,0.8866666666666667
0.011619957075413502,0.7533333333333333,0.9333333333333333
0.011131354022925668,0.7333333333333333,0.9133333333333333
0.010242220808219635,0.8,0.9066666666666666
0.010117270358070082,0.8066666666666666,0.9466666666666667
0.010118607831332973,0.8,0.94
0.01086193525231678,0.78,0.9533333333333334
0.010710132076184356,0.7733333333333333,0.9266666666666666
0.010134534794119772,0.76,0.94
0.010100797640184862,0.7866666666666666,0.9133333333333333
0.010155455209938009,0.7666666666666667,0.92
0.009821152339029198,0.7666666666666667,0.9066666666666666
0.01330500387639917,0.72,0.8866666666666667
0.015138756220429516,0.7,0.86
0.011899569693779212,0.7,0.9066666666666666
0.012057305306800693,0.6866666666666666,0.88
0.01047391920388626,0.7866666666666666,0.9133333333333333
0.012479765459114939,0.7466666666666667,0.9133333333333333
0.013840922243455811,0.7533333333333333,0.8933333333333333
0.010439207622137315,0.7733333333333333,0.9466666666666667
0.010336247701409073,0.8266666666666667,0.94
0.010182401172077537,0.78,0.9333333333333333
0.010308369116227633,0.7533333333333333,0.92
0.01031276930208307,0.7733333333333333,0.9333333333333333
0.010781741786550714,0.7533333333333333,0.9
0.011048061330504136,0.7933333333333333,0.92
0.011355590598106886,0.7266666666666667,0.9266666666666666
0.01334205970610716,0.6933333333333334,0.8733333333333333
0.0116022397394,0.76,0.9333333333333333
0.011298894293284028,0.7533333333333333,0.9266666666666666
0.010605799771330878,0.7666666666666667,0.9333333333333333
0.013710998249780702,0.6933333333333334,0.8866666666666667
0.013227641140590385,0.72,0.88
0.014881666543666199,0.6666666666666666,0.8466666666666667
0.013930566738124801,0.7066666666666667,0.8533333333333334
0.01437616037430051,0.6733333333333333,0.88
0.013497226063662934,0.7066666666666667,0.9133333333333333
0.013122389985070926,0.7333333333333333,0.8933333333333333
0.014315151619822029,0.72,0.88
0.017342357675772486,0.6533333333333333,0.84
0.01590893527294775,0.7066666666666667,0.8666666666666667
0.012587155048285498,0.7466666666666667,0.9
0.010074261258910491,0.76,0.9533333333333334
0.010767165192191315,0.7733333333333333,0.9333333333333333
0.01103927252448464,0.74,0.9333333333333333
0.010917703136583091,0.7333333333333333,0.9133333333333333
0.010562687926831078,0.78,0.94
0.009836331167567824,0.8066666666666666,0.9066666666666666
0.010666857492690337,0.8,0.9133333333333333
0.011126423264799463,0.78,0.9133333333333333
0.010107171199133336,0.7866666666666666,0.9333333333333333
0.010429368105504306,0.8133333333333334,0.9333333333333333
0.010313166881865479,0.7866666666666666,0.92
0.010557775339178385,0.78,0.9266666666666666
0.010886990797736426,0.7533333333333333,0.92
0.011315255945287175,0.7733333333333333,0.92
0.011167693735483528,0.7266666666666667,0.9133333333333333
0.010227570790594416,0.7933333333333333,0.94
0.010826028159137907,0.7533333333333333,0.9133333333333333
0.012165198984948847,0.7333333333333333,0.9266666666666666
0.01140463421804166,0.76,0.9333333333333333
0.010841682478081562,0.8066666666666666,0.94
0.010644078207877217,0.7933333333333333,0.9266666666666666
0.010022769698235451,0.8066666666666666,0.9333333333333333
0.010326930689402596,0.8133333333333334,0.9333333333333333
0.010239145466560436,0.7933333333333333,0.94
0.010328058780021262,0.7866666666666666,0.9533333333333334
0.009973010291459142,0.8,0.9533333333333334
0.01004777066221973,0.78,0.9333333333333333
0.010079021146316907,0.8133333333333334,0.94
0.010266581457008265,0.78,0.9333333333333333
0.01012993920994383,0.7466666666666667,0.9333333333333333
0.01021293848104817,0.7866666666666666,0.9533333333333334
0.010403261702465425,0.7666666666666667,0.9533333333333334
0.011136579377447784,0.7733333333333333,0.9266666666666666
0.010506564913320086,0.7733333333333333,0.9
0.01050602349679283,0.7866666666666666,0.92
0.009989982827295135,0.7533333333333333,0.9266666666666666
0.01040084086441912,0.76,0.9333333333333333
0.010338304420570876,0.7733333333333333,0.96
0.010105448991118525,0.76,0.9266666666666666
0.010216132156157106,0.7533333333333333,0.9466666666666667
0.010209987487423603,0.7733333333333333,0.9066666666666666
0.009968385015480322,0.8,0.9333333333333333
0.00967152559447568,0.7866666666666666,0.9466666666666667
0.009724535421326026,0.7933333333333333,0.94
0.010267655305764492,0.78,0.9266666666666666
0.010086197580381524,0.7866666666666666,0.9466666666666667
0.010028975348754332,0.7666666666666667,0.9266666666666666
0.009551508381812053,0.76,0.94
0.009977820573100833,0.7533333333333333,0.9466666666666667
0.009478198045672324,0.7666666666666667,0.9333333333333333
mse,coverage_80,coverage_95
1.1912098243083202,0.5466666666666666,0.6666666666666666
0.5562877985110795,0.12666666666666668,0.7666666666666667
0.29976798099777097,0.24666666666666667,0.7133333333333334
0.19875938584812655,0.23333333333333334,0.7266666666666667
0.11664811594211552,0.34,0.66
0.0777840316431157,0.37333333333333335,0.6333333333333333
0.028158611331289253,0.5666666666666667,0.8
0.020658561505200134,0.5933333333333334,0.82
0.014629923887135762,0.64,0.86
0.011543440639434082,0.68,0.8666666666666667
0.011941951397968404,0.7066666666666667,0.8666666666666667
0.011859253995479706,0.66,0.8333333333333334
0.01234947326656323,0.64,0.8066666666666666
0.014064269865733135,0.64,0.8066666666666666
0.013666993699362775,0.5866666666666667,0.7666666666666667
0.01355631163531263,0.6066666666666667,0.78
0.014381047735043053,0.6,0.7866666666666666
0.015446411591739822,0.6,0.7333333333333333
0.015592529970775603,0.58,0.7266666666666667
0.014767516977336696,0.5733333333333334,0.7533333333333333
0.013831353326624652,0.6,0.7666666666666667
0.013339827021994,0.6466666666666666,0.7933333333333333
0.013631085430719248,0.62,0.8
0.015431079537336505,0.5933333333333334,0.7533333333333333
0.015187665244496738,0.6,0.8
0.01531743975172428,0.6333333333333333,0.82
0.015339049827548284,0.5933333333333334,0.8266666666666667
0.017188346991404268,0.6466666666666666,0.82
0.012441196479342503,0.7266666666666667,0.8933333333333333
0.012387642824102364,0.7933333333333333,0.9
0.011426124437044629,0.8,0.9266666666666666
0.011489444894140272,0.7933333333333333,0.9333333333333333
0.01234056949967498,0.7733333333333333,0.9333333333333333
0.011788489204527321,0.8066666666666666,0.92
0.010825288584751137,0.8,0.9466666666666667
0.010493407576476788,0.7866666666666666,0.94
0.010926828845517959,0.76,0.9266666666666666
0.009994468508397306,0.8066666666666666,0.9533333333333334
0.011871207616353574,0.6933333333333334,0.9066666666666666
0.01063919903161089,0.7466666666666667,0.9266666666666666
0.012088960109162305,0.7533333333333333,0.8733333333333333
0.01424725027125703,0.6733333333333333,0.8733333333333333
0.012834254144134472,0.7333333333333333,0.8866666666666667
0.014500806085029466,0.6866666666666666,0.88
0.011834749999269978,0.7933333333333333,0.9266666666666666
0.012117476183732727,0.78,0.9333333333333333
0.011455949073460975,0.7866666666666666,0.9133333333333333
0.011062060014045434,0.8066666666666666,0.9133333333333333
0.010998653090837088,0.7933333333333333,0.9266666666666666
0.011489422960876622,0.7666666666666667,0.88
0.012922796420226115,0.6933333333333334,0.8666666666666667
0.00960029870711809,0.76,0.92
0.01016753671248245,0.7533333333333333,0.9133333333333333
0.011236860101635132,0.76,0.9333333333333333
0.011281923733242832,0.7333333333333333,0.9133333333333333
0.013909737888898129,0.7,0.8466666666666667
0.011366217759715355,0.7533333333333333,0.9133333333333333
0.011626296634500023,0.7266666666666667,0.9133333333333333
0.014834078414631992,0.6533333333333333,0.8533333333333334
0.01130216452256015,0.7266666666666667,0.9266666666666666
0.011256502887825688,0.7466666666666667,0.9066666666666666
0.010168555556870138,0.8066666666666666,0.9133333333333333
0.01498142305040862,0.6533333333333333,0.8866666666666667
0.011633146145812375,0.78,0.92
0.010725536865189839,0.7533333333333333,0.9066666666666666
0.010420829410536726,0.7866666666666666,0.9266666666666666
0.01021720163100072,0.74,0.9333333333333333
0.013065964581170592,0.74,0.9066666666666666
0.009976819345919678,0.7733333333333333,0.9266666666666666
0.010493627707747972,0.78,0.9
0.01302782300128537,0.7,0.8933333333333333
0.014209229863278616,0.7466666666666667,0.8666666666666667
0.014322241970604003,0.76,0.8933333333333333
0.011119433295573003,0.7466666666666667,0.9
0.016782343080085714,0.7,0.8733333333333333
0.012026007505660652,0.7666666666666667,0.92
0.01202021289592129,0.76,0.8933333333333333
0.012906261993077676,0.72,0.8933333333333333
0.013190909413674743,0.7466666666666667,0.9266666666666666
0.01696665059082659,0.74,0.8866666666666667
0.016504005585489322,0.72,0.9
0.010619476238988606,0.7933333333333333,0.94
0.010539405803257166,0.7266666666666667,0.9266666666666666
0.010393766389327711,0.7866666666666666,0.94
0.012178292304712754,0.74,0.9466666666666667
0.015544517746644507,0.68,0.88
0.015776491587286858,0.6333333333333333,0.8333333333333334
0.012390704820198677,0.74,0.9133333333333333
0.011006504168011494,0.78,0.9333333333333333
0.012976917332944714,0.6866666666666666,0.9133333333333333
0.01831018068461548,0.6733333333333333,0.8866666666666667
0.010670878628637467,0.8133333333333334,0.94
0.01426838596419275,0.72,0.8933333333333333
0.013199896407336747,0.7,0.9
0.020433913577153677,0.6466666666666666,0.8266666666666667
0.014484238738887083,0.72,0.8666666666666667
0.015451617781101804,0.7533333333333333,0.8866666666666667
0.01669822511202738,0.6866666666666666,0.8733333333333333
0.012349719052047793,0.7666666666666667,0.8866666666666667
0.011879650277314253,0.7733333333333333,0.9066666666666666
0.013062903775231257,0.82,0.9266666666666666
0.015264712624670228,0.72,0.8866666666666667
0.017723995369284897,0.56,0.8066666666666666
0.022774846225808665,0.6,0.8133333333333334
0.015913872683545455,0.76,0.8866666666666667
0.019163442322593517,0.5866666666666667,0.82
0.02034954319497262,0.5666666666666667,0.8066666666666666
0.017739400657206725,0.7066666666666667,0.86
0.030757402071423783,0.4533333333333333,0.6866666666666666
0.02288409474752641,0.6,0.7666666666666667
0.02344201780982286,0.58,0.8133333333333334
0.025512217231225695,0.5866666666666667,0.8133333333333334
0.03823619199741742,0.4066666666666667,0.62
0.0316096491107786,0.47333333333333333,0.64
0.03909975831079557,0.4,0.6266666666666667
0.03995426079639073,0.41333333333333333,0.6
0.028785297157699112,0.47333333333333333,0.6933333333333334
0.017317201371378915,0.64,0.86
0.021804246088793236,0.6266666666666667,0.8133333333333334
0.012750978885243494,0.7266666666666667,0.9066666666666666
