mse,coverage_80,coverage_95
0.5970894635302427,0.6533333333333333,0.8866666666666667
0.06228422862952499,0.9666666666666667,1.0
0.01594467338662137,0.9666666666666667,0.9933333333333333
0.013794018929159393,0.8333333333333334,0.96
0.012958739152323947,0.7666666666666667,0.9333333333333333
0.012674568787270716,0.6533333333333333,0.86
0.011791230676511586,0.7333333333333333,0.88
0.011932326283096236,0.7266666666666667,0.8933333333333333
0.011385321638470289,0.7733333333333333,0.9066666666666666
0.01129453573801768,0.78,0.9266666666666666
0.010804914435741277,0.7733333333333333,0.9066666666666666
0.010313959740959515,0.7733333333333333,0.94
0.010449211700281813,0.7666666666666667,0.9133333333333333
0.010795359905343388,0.8,0.9333333333333333
0.011145282488560731,0.7466666666666667,0.9333333333333333
0.01056474098584252,0.8,0.9266666666666666
0.010902032245546518,0.7866666666666666,0.9066666666666666
0.010881003288184215,0.8066666666666666,0.9333333333333333
0.011496151952365112,0.78,0.9266666666666666
0.010844623272884445,0.8133333333333334,0.92
0.010562069984229911,0.82,0.9533333333333334
0.010511290845863386,0.7866666666666666,0.94
0.0102808233313305,0.8,0.9333333333333333
0.010014728274228382,0.8066666666666666,0.9466666666666667
0.011860724762688835,0.78,0.9133333333333333
0.012373275143940559,0.7533333333333333,0.9
0.0143001438686935,0.7266666666666667,0.8866666666666667
0.014655903052007636,0.7133333333333334,0.88
0.013810650057996844,0.7466666666666667,0.88
0.01452658449556162,0.6866666666666666,0.88
0.01470465257733862,0.7,0.8866666666666667
0.013949035382158944,0.68,0.88
0.015560135575880386,0.6466666666666666,0.84
0.015830522279863323,0.6933333333333334,0.8533333333333334
0.017727444954802926,0.6733333333333333,0.8666666666666667
0.018260283500043422,0.64,0.8
0.016574247761348103,0.6266666666666667,0.82
0.015197305437879444,0.66,0.8466666666666667
0.017040753567965413,0.6,0.8133333333333334
0.011222354972598596,0.7066666666666667,0.8866666666666667
0.017994274846818068,0.6466666666666666,0.84
0.014755255470558311,0.6933333333333334,0.8866666666666667
0.011490580487903206,0.7066666666666667,0.88
0.01395582219719358,0.68,0.8733333333333333
0.013235083125957382,0.6866666666666666,0.88
0.012495550859904784,0.72,0.8933333333333333
0.01315140997367926,0.6333333333333333,0.84
0.01687420982678691,0.66,0.84
0.014317614837931526,0.72,0.8933333333333333
0.014896507516047435,0.62,0.8533333333333334
0.012267139358963834,0.7333333333333333,0.9
0.010075224233618464,0.7333333333333333,0.8666666666666667
0.011454422517642,0.72,0.8933333333333333
0.009789510746053543,0.74,0.8933333333333333
0.010629937569984956,0.7333333333333333,0.92
0.010193201169047811,0.74,0.9333333333333333
0.010816067016057508,0.76,0.8733333333333333
0.009903164247352138,0.76,0.9133333333333333
0.012766998750723164,0.7466666666666667,0.9066666666666666
0.009793122297039642,0.7666666666666667,0.92
0.010918539934886782,0.7333333333333333,0.8933333333333333
0.010185019723523496,0.72,0.9133333333333333
0.015888040617697167,0.6333333333333333,0.8133333333333334
0.011496657584265884,0.74,0.92
0.012031552297651172,0.6866666666666666,0.78
0.01000209973576819,0.74,0.8933333333333333
0.009445104520807072,0.76,0.9066666666666666
0.009753891039307069,0.7666666666666667,0.92
0.013909372184172823,0.68,0.86
0.011846132116907842,0.6533333333333333,0.8066666666666666
0.01019496572187608,0.7466666666666667,0.8533333333333334
0.01311111351122095,0.64,0.84
0.010854188952384767,0.72,0.9066666666666666
0.017822559929585983,0.5933333333333334,0.8
0.01445384624453954,0.68,0.8133333333333334
0.011683146255241477,0.6866666666666666,0.8466666666666667
0.010606976437803565,0.7,0.8733333333333333
0.014268283459367688,0.6533333333333333,0.8466666666666667
0.010380568597936644,0.7066666666666667,0.86
0.012466059551185906,0.6333333333333333,0.7866666666666666
0.011248292122368235,0.6333333333333333,0.82
0.008756842070169387,0.7466666666666667,0.8733333333333333
0.010063902648718325,0.7333333333333333,0.8933333333333333
0.0122823549815766,0.6333333333333333,0.8466666666666667
0.015083518699955263,0.5666666666666667,0.7666666666666667
0.01069136449463834,0.6933333333333334,0.8666666666666667
0.013083019761689352,0.6666666666666666,0.8466666666666667
0.01628253822528221,0.6133333333333333,0.7933333333333333
0.00951878770822652,0.7266666666666667,0.8666666666666667
0.009782655342288112,0.7,0.88
0.010905081277569735,0.6933333333333334,0.8466666666666667
0.01039242922265843,0.7,0.8466666666666667
0.0180587872338494,0.46,0.6666666666666666
0.011281491571530028,0.6333333333333333,0.8266666666666667
0.010116398759108396,0.66,0.8466666666666667
0.010867978496474629,0.7,0.8466666666666667
0.010469409963883276,0.6733333333333333,0.8666666666666667
0.013717218375743597,0.6466666666666666,0.8133333333333334
0.010601624201329487,0.6666666666666666,0.8466666666666667
0.010099466065359618,0.6333333333333333,0.8466666666666667
0.020815731220828564,0.5466666666666666,0.7133333333333334
0.011233297575407326,0.5733333333333334,0.84
0.010516389126765448,0.6333333333333333,0.84
0.025494187627406798,0.4266666666666667,0.6066666666666667
0.012737554438567795,0.58,0.7733333333333333
0.010602072719168508,0.6533333333333333,0.8466666666666667
0.013434450546317454,0.6533333333333333,0.7933333333333333
0.010503790899262865,0.6533333333333333,0.8533333333333334
0.02058597838194375,0.54,0.68
0.012745736361402955,0.66,0.84
0.012443222615220994,0.6,0.8266666666666667
0.011607276477571229,0.64,0.84
0.01111710019275202,0.68,0.88
0.010092412275430264,0.6933333333333334,0.8266666666666667
0.009582025854273516,0.7266666666666667,0.8866666666666667
0.009865506684795218,0.6933333333333334,0.8533333333333334
0.009821442885037357,0.6933333333333334,0.86
0.009971238140302981,0.6866666666666666,0.8733333333333333
0.009961454922408053,0.68,0.8666666666666667
0.00998751056696797,0.6733333333333333,0.8533333333333334
