mse,coverage_80,coverage_95
1.567257766403517,0.02531645569620253,0.379746835443038
2.0661340346355743,0.0,0.0
0.010014141906884133,0.8354430379746836,0.9620253164556962
0.008999379505291342,0.5822784810126582,0.8354430379746836
0.004384652971259115,0.6075949367088608,0.8227848101265823
0.005751188524730951,0.4810126582278481,0.6962025316455697
0.00321554962436286,0.6455696202531646,0.8734177215189873
0.004702757871776024,0.5316455696202531,0.7974683544303798
0.0037941025207052126,0.6582278481012658,0.8607594936708861
0.0034559420227959453,0.7341772151898734,0.8987341772151899
0.003527270830742174,0.6835443037974683,0.9240506329113924
0.00417294476836341,0.6582278481012658,0.810126582278481
0.0037234327094892673,0.7341772151898734,0.8607594936708861
0.0037296417609754395,0.7088607594936709,0.8734177215189873
0.007387865750800553,0.4810126582278481,0.7341772151898734
0.0032088919661197586,0.7215189873417721,0.9113924050632911
0.0031948323718911016,0.6708860759493671,0.9493670886075949
0.003116099648930617,0.7088607594936709,0.8987341772151899
0.00375738232139575,0.7215189873417721,0.8987341772151899
0.0032744958777642477,0.6835443037974683,0.9240506329113924
0.004181426415742112,0.6835443037974683,0.8607594936708861
0.0036328475823834477,0.759493670886076,0.8987341772151899
0.004161232610435033,0.6835443037974683,0.8734177215189873
0.002953572466305857,0.759493670886076,0.9620253164556962
0.0034126570873704094,0.7468354430379747,0.8987341772151899
0.004355117749411904,0.7468354430379747,0.8607594936708861
0.004257615764814606,0.6962025316455697,0.8481012658227848
0.004966988181473619,0.6329113924050633,0.759493670886076
0.004747692995197056,0.6455696202531646,0.8481012658227848
0.003087016272187077,0.7341772151898734,0.9620253164556962
0.003632541559940882,0.6835443037974683,0.9367088607594937
0.00478661980033336,0.620253164556962,0.7974683544303798
0.003280005538039574,0.7848101265822784,0.9493670886075949
0.004327783497838067,0.6835443037974683,0.8354430379746836
0.0033914594217861085,0.7468354430379747,0.9367088607594937
0.0033991324019038973,0.7848101265822784,0.8987341772151899
0.0042553377718773,0.6455696202531646,0.8481012658227848
0.0029950782506788353,0.7341772151898734,0.9240506329113924
0.0035864262131126293,0.8227848101265823,0.8860759493670886
0.004583243623060206,0.5569620253164557,0.8354430379746836
0.0032890837218684608,0.6962025316455697,0.9367088607594937
0.004516289941544977,0.6075949367088608,0.8481012658227848
0.005085038361430823,0.6075949367088608,0.759493670886076
0.003347779414723274,0.7721518987341772,0.9113924050632911
0.003992021191277285,0.6962025316455697,0.8860759493670886
0.0037473427074269485,0.7341772151898734,0.8860759493670886
0.0034545935991886147,0.7848101265822784,0.9113924050632911
0.0031965458496267334,0.7468354430379747,0.8734177215189873
0.002907825457274716,0.759493670886076,0.9240506329113924
0.00294273347573029,0.7974683544303798,0.9493670886075949
0.0037637108287953526,0.6455696202531646,0.8987341772151899
0.0033388650104459756,0.7088607594936709,0.8607594936708861
0.004280470743344793,0.569620253164557,0.7848101265822784
0.0031434757595255242,0.7341772151898734,0.9113924050632911
0.0036430287731900545,0.6835443037974683,0.8607594936708861
0.004208504825669722,0.6962025316455697,0.8860759493670886
0.005146742186772713,0.5189873417721519,0.7468354430379747
0.005460372239112753,0.4936708860759494,0.7215189873417721
0.004956258654790337,0.620253164556962,0.7848101265822784
0.0033481724287926086,0.6962025316455697,0.9113924050632911
0.004089735613186682,0.6708860759493671,0.8860759493670886
0.003505562032988849,0.6835443037974683,0.8481012658227848
0.003299357335930315,0.7088607594936709,0.9113924050632911
0.005702736026221357,0.569620253164557,0.7215189873417721
0.0032502902125367446,0.6455696202531646,0.8860759493670886
0.010055897430260703,0.31645569620253167,0.5189873417721519
0.0030988920121388826,0.6962025316455697,0.9240506329113924
0.004388194916899336,0.6455696202531646,0.8607594936708861
0.0044139705570006935,0.620253164556962,0.8227848101265823
0.003263451663672778,0.6708860759493671,0.8860759493670886
0.007512401959832787,0.5063291139240507,0.7215189873417721
0.0035167555973907925,0.7088607594936709,0.8354430379746836
0.0036615619851960296,0.5822784810126582,0.8227848101265823
0.003622744041309713,0.7341772151898734,0.8734177215189873
0.012566321027628346,0.24050632911392406,0.4430379746835443
0.00704436745861286,0.4936708860759494,0.6962025316455697
0.004333430454607018,0.5063291139240507,0.7215189873417721
0.007760859056575503,0.5189873417721519,0.7215189873417721
0.013475445128307796,0.21518987341772153,0.379746835443038
0.0070147500725086034,0.5189873417721519,0.620253164556962
0.00446604346212648,0.6708860759493671,0.8227848101265823
0.0052298363611627575,0.46835443037974683,0.7341772151898734
0.02323625564506959,0.11392405063291139,0.20253164556962025
0.009758902398290617,0.3291139240506329,0.5063291139240507
0.0034944589123594746,0.6455696202531646,0.810126582278481
0.004661477598815894,0.5569620253164557,0.7848101265822784
0.011201880577474324,0.3291139240506329,0.45569620253164556
0.0142800713773175,0.24050632911392406,0.379746835443038
0.0036431501848707103,0.5822784810126582,0.810126582278481
0.00799527955633277,0.379746835443038,0.6962025316455697
0.003377619315742845,0.759493670886076,0.8734177215189873
0.003925737487409099,0.5443037974683544,0.810126582278481
0.006828219231601199,0.46835443037974683,0.5949367088607594
0.004949752093510678,0.6075949367088608,0.759493670886076
0.005303420318198973,0.4936708860759494,0.7974683544303798
0.0034773549323326176,0.7088607594936709,0.8607594936708861
0.00916808616984979,0.3924050632911392,0.5189873417721519
0.006650618729515669,0.4177215189873418,0.6329113924050633
0.007670835686386905,0.379746835443038,0.5949367088607594
0.00848404177123205,0.31645569620253167,0.5316455696202531
0.01730082625179865,0.10126582278481013,0.22784810126582278
0.009354213036871029,0.31645569620253167,0.4810126582278481
0.004211179552395434,0.5063291139240507,0.7721518987341772
0.006032156916275847,0.4430379746835443,0.6582278481012658
0.007778242815485178,0.43037974683544306,0.620253164556962
0.004346643169295303,0.5189873417721519,0.810126582278481
0.003002180941753057,0.7468354430379747,0.9240506329113924
0.0031912489380074454,0.6329113924050633,0.8734177215189873
0.008854586579470513,0.3670886075949367,0.5443037974683544
0.0041509382690290714,0.5316455696202531,0.7088607594936709
0.004776553363830904,0.5949367088607594,0.8481012658227848
0.006484988367720526,0.46835443037974683,0.6962025316455697
0.0036378908178602725,0.5949367088607594,0.810126582278481
0.003465358825854034,0.6582278481012658,0.8481012658227848
0.005405918795663893,0.5443037974683544,0.759493670886076
0.004209496866480853,0.5443037974683544,0.7341772151898734
0.0035013251555216346,0.6075949367088608,0.7848101265822784
0.005485790051111086,0.5189873417721519,0.759493670886076
0.005104478512594475,0.5443037974683544,0.7341772151898734
0.011192314962834292,0.3291139240506329,0.4936708860759494
0.003824709408055971,0.5063291139240507,0.7848101265822784
0.005475006169369462,0.45569620253164556,0.7088607594936709
0.011105168701388812,0.25316455696202533,0.46835443037974683
0.004811631449989641,0.5189873417721519,0.7468354430379747
0.0033483440611754593,0.7215189873417721,0.810126582278481
0.006265429483929619,0.45569620253164556,0.6835443037974683
0.003749357956948953,0.5569620253164557,0.7721518987341772
0.0029833982279447954,0.620253164556962,0.8227848101265823
0.0035161880413970567,0.6708860759493671,0.8481012658227848
0.007926890410292129,0.4177215189873418,0.6329113924050633
0.003191508148511761,0.5316455696202531,0.9113924050632911
0.0063388478469857045,0.45569620253164556,0.6329113924050633
0.00340276840375967,0.6075949367088608,0.7974683544303798
0.004712123683783023,0.5822784810126582,0.810126582278481
0.003773898812234324,0.5949367088607594,0.7215189873417721
0.0028282844366189315,0.6708860759493671,0.8734177215189873
0.003444337280943849,0.6708860759493671,0.810126582278481
0.005822439501675675,0.5569620253164557,0.7341772151898734
0.005150208691472936,0.5189873417721519,0.7215189873417721
0.0032580814912710728,0.4810126582278481,0.8227848101265823
0.003003217879642366,0.6455696202531646,0.7721518987341772
0.004963416917235841,0.5316455696202531,0.7721518987341772
0.004049060133948386,0.5822784810126582,0.7974683544303798
0.003971726518812704,0.620253164556962,0.7848101265822784
0.003303436336686138,0.6075949367088608,0.8354430379746836
0.0030803090880092716,0.6835443037974683,0.8354430379746836
0.003495926453319919,0.6329113924050633,0.8607594936708861
0.0061127776922589175,0.5063291139240507,0.7341772151898734
0.0031838686494156496,0.5063291139240507,0.8481012658227848
0.0054991979815883505,0.43037974683544306,0.6075949367088608
0.0026897168864711074,0.7341772151898734,0.8607594936708861
0.0028305279188292677,0.5949367088607594,0.8481012658227848
0.002729943768021752,0.6455696202531646,0.8354430379746836
0.003947935180089223,0.620253164556962,0.8354430379746836
0.0035556088156680457,0.5443037974683544,0.810126582278481
0.003220025439577919,0.6708860759493671,0.810126582278481
0.004345784280588122,0.4936708860759494,0.6962025316455697
0.005266226979180492,0.46835443037974683,0.7088607594936709
0.006888888984834362,0.4050632911392405,0.5443037974683544
0.003488153316984557,0.5063291139240507,0.7848101265822784
0.0045851454359299324,0.6708860759493671,0.7848101265822784
0.0037412396239120712,0.569620253164557,0.6962025316455697
0.004394513898824213,0.5949367088607594,0.7848101265822784
0.003230125830923733,0.6075949367088608,0.7848101265822784
0.0032223770906666923,0.5189873417721519,0.8481012658227848
0.004035653107317111,0.5063291139240507,0.7215189873417721
0.0032213920554183453,0.5063291139240507,0.6835443037974683
0.00278416674515994,0.5822784810126582,0.7848101265822784
0.003322220523612059,0.46835443037974683,0.6455696202531646
0.003475377734662411,0.5189873417721519,0.810126582278481
0.0035904544045373,0.5443037974683544,0.7974683544303798
0.004162178144556711,0.569620253164557,0.7848101265822784
0.003723895267978997,0.5063291139240507,0.810126582278481
0.004854187192578888,0.46835443037974683,0.6329113924050633
0.003333529065793113,0.5189873417721519,0.7088607594936709
0.004383166337771781,0.4430379746835443,0.6455696202531646
0.006649357652755657,0.4050632911392405,0.6329113924050633
0.0028726532280241757,0.5569620253164557,0.7974683544303798
0.0059666280115591025,0.379746835443038,0.5316455696202531
0.006970496267003659,0.34177215189873417,0.5189873417721519
0.003935019891737111,0.5063291139240507,0.7468354430379747
0.003930738143689377,0.620253164556962,0.810126582278481
0.008081812188896472,0.379746835443038,0.45569620253164556
0.0038362037918586397,0.5316455696202531,0.7088607594936709
0.005098329380158219,0.4936708860759494,0.7468354430379747
0.003183111597149555,0.5443037974683544,0.7088607594936709
0.003790554441514159,0.3924050632911392,0.7088607594936709
0.0038873313628104114,0.4430379746835443,0.6708860759493671
0.0069028702268008986,0.46835443037974683,0.5822784810126582
0.003771131949584084,0.4810126582278481,0.6835443037974683
0.004524566092560812,0.5443037974683544,0.6582278481012658
0.006376739468540973,0.3670886075949367,0.5443037974683544
0.003195199535873943,0.4936708860759494,0.7468354430379747
0.003894235310508307,0.4936708860759494,0.6708860759493671
0.0038296276441630054,0.3924050632911392,0.6835443037974683
0.003921716046054316,0.379746835443038,0.5316455696202531
0.0037477832309092693,0.46835443037974683,0.620253164556962
0.0038390818383633846,0.45569620253164556,0.620253164556962
0.005678542060981268,0.379746835443038,0.5822784810126582
0.006143883867944938,0.34177215189873417,0.46835443037974683
